-1 -1 -1 -1 -1 -1 -1 -1 -1 -1 -1 -1 -1 -1 -1 
16 19 17 18 4 5 24 21 9 7 10 27 12 11 28 
2 1 19 15 0 24 20 6 22 9 11 14 27 13 12 
16 15 1 3 18 23 22 5 20 24 14 29 25 13 10 
15 4 1 16 0 5 9 8 24 23 27 11 10 29 28 
3 4 2 18 15 24 7 20 9 22 12 25 14 13 11 
2 18 15 0 3 20 23 7 21 9 12 13 26 25 27 
0 1 19 3 17 21 20 24 7 5 14 28 29 12 26 
15 1 2 18 3 6 9 24 7 22 25 28 26 11 10 
3 18 17 4 2 6 24 22 20 5 13 14 10 28 25 
19 17 18 0 1 7 24 8 21 22 14 26 11 28 25 
1 15 4 0 16 6 5 21 8 23 27 14 12 29 26 
18 0 17 3 19 7 23 9 8 21 10 27 11 13 12 
16 4 17 19 0 5 24 8 21 7 11 13 12 28 14 
4 0 18 1 3 8 6 21 9 20 28 11 10 26 29 
16 18 15 4 17 24 20 21 22 8 27 10 26 13 12 
16 15 18 0 2 7 9 5 8 6 11 25 27 14 29 
19 2 0 17 18 5 7 24 6 20 14 26 12 28 10 
19 3 4 17 2 21 9 20 7 8 13 26 29 14 25 
3 17 0 16 1 5 24 8 6 20 10 26 25 28 27 
18 2 16 4 0 6 7 9 24 22 28 25 14 11 10 
0 4 15 17 16 21 5 20 22 9 10 28 11 25 29 
1 17 0 19 4 21 23 7 8 22 11 29 25 10 12 
15 4 18 1 16 23 5 21 24 6 29 11 13 14 26 
0 4 3 16 19 22 8 7 23 20 26 27 10 25 29 
15 2 4 17 18 5 7 20 21 6 27 28 11 25 29 
3 1 0 17 15 8 22 21 24 23 25 29 13 12 26 
4 19 16 18 1 9 5 24 21 7 26 14 12 29 25 
16 18 3 1 15 24 5 8 7 22 11 28 27 12 25 
2 19 4 0 18 8 21 5 24 7 26 11 13 28 10 
