-1 -1 -1 -1 -1 -1 -1 -1 -1 -1 -1 -1 -1 -1 -1 -1 -1 -1 -1 -1 -1 -1 -1 -1 -1 -1 -1 -1 -1 -1 -1 -1 -1 -1 -1 -1 -1 -1 -1 -1 
2 47 6 45 41 43 49 8 7 42 16 11 50 51 56 57 53 14 17 55 24 23 27 28 26 22 29 67 25 68 72 32 37 38 36 70 76 75 35 34 
6 9 43 40 48 49 3 1 47 4 56 57 17 18 53 19 58 14 54 55 61 20 29 28 69 65 25 21 67 66 31 74 73 33 30 79 72 76 70 78 
2 4 0 41 40 3 9 49 45 43 11 16 18 58 12 10 57 14 50 13 20 65 26 68 27 66 25 29 61 64 35 71 34 72 75 39 31 77 74 73 
4 1 43 46 7 41 42 8 5 40 50 57 55 54 10 56 16 15 19 58 29 64 61 21 63 68 25 28 67 69 38 34 78 72 35 74 32 79 71 31 
43 44 9 40 0 45 4 41 46 1 51 19 18 56 12 52 58 53 17 10 65 64 69 60 27 61 28 22 66 23 36 73 31 77 78 34 79 38 32 37 
48 9 3 0 49 1 2 4 43 44 18 17 56 59 13 57 11 14 52 53 63 24 61 60 27 26 64 68 23 28 37 38 34 77 75 79 72 35 71 70 
8 47 3 7 2 1 44 49 41 43 17 15 53 57 10 52 19 58 16 11 29 61 60 23 65 68 66 25 20 69 33 31 34 38 32 74 30 37 70 72 
7 46 48 6 42 9 1 0 44 47 14 58 18 10 16 17 56 53 12 59 23 24 29 65 25 26 61 22 69 66 33 39 70 34 75 77 76 72 30 36 
0 49 2 41 3 5 47 4 44 6 54 19 58 12 53 59 11 56 16 55 21 23 29 26 60 63 22 24 27 64 37 75 78 35 38 79 36 70 30 73 
4 8 5 7 47 40 44 6 2 3 13 16 55 19 56 59 50 52 51 10 28 60 22 27 66 23 20 25 68 21 75 70 78 77 73 37 38 34 32 35 
8 2 49 45 7 44 41 47 0 43 13 10 59 50 14 11 18 15 17 56 65 25 26 21 24 68 63 64 23 60 32 73 35 72 34 74 75 71 78 77 
0 5 3 45 43 48 49 42 2 40 54 10 15 59 50 55 19 51 12 17 21 68 60 63 27 66 20 69 61 28 71 32 34 38 39 70 78 76 72 77 
43 1 44 46 48 2 8 7 3 40 57 56 12 18 58 53 19 51 17 54 62 68 23 27 22 67 63 65 28 60 74 32 70 77 79 73 39 30 36 38 
44 3 48 2 9 40 42 41 49 7 50 59 12 55 10 13 19 53 52 51 22 24 69 21 63 64 62 26 61 23 78 72 79 30 35 73 76 33 39 38 
9 6 43 42 48 0 47 45 4 7 10 55 13 15 12 59 52 19 56 57 28 63 62 23 67 64 69 29 24 21 72 79 35 70 71 33 78 73 74 34 
43 45 6 4 47 5 0 46 49 1 58 57 50 12 53 17 13 56 10 19 61 20 63 60 66 64 62 27 22 24 37 78 34 73 79 35 30 36 77 31 
45 42 7 4 9 8 2 41 43 44 55 54 14 19 52 58 51 12 16 56 21 26 25 64 20 69 65 29 62 22 74 77 70 37 34 72 78 75 73 36 
48 45 1 41 46 40 43 44 3 49 14 13 18 12 52 58 51 55 56 50 22 24 27 65 60 67 61 64 66 29 75 78 70 76 77 38 30 33 34 39 
1 8 49 6 9 7 47 4 46 0 57 51 13 59 17 12 18 11 15 19 66 65 26 29 61 24 28 25 22 62 79 75 74 36 33 30 37 39 70 73 
7 8 47 44 41 2 40 3 46 45 59 13 57 54 50 14 18 12 10 17 28 65 63 20 24 69 64 21 68 67 32 36 37 39 31 76 78 35 79 70 
3 44 1 40 43 6 42 0 4 45 57 51 52 16 11 13 56 53 15 18 67 26 28 23 21 66 68 29 62 24 75 31 34 78 36 70 71 38 37 30 
41 7 4 42 1 6 0 9 45 47 13 10 19 16 15 59 17 58 52 53 62 61 60 23 69 21 66 64 67 63 72 34 77 37 36 31 74 39 79 32 
0 8 9 44 5 43 2 6 49 4 52 13 55 56 14 18 17 51 15 19 21 26 29 66 22 20 65 64 23 62 78 31 36 71 30 33 32 77 39 75 
41 5 3 49 2 44 4 40 48 43 54 50 12 19 55 52 14 58 11 15 27 25 20 22 61 60 28 63 64 29 77 72 79 73 32 75 71 74 35 39 
4 7 44 6 8 47 49 2 46 41 18 56 19 58 50 52 51 13 15 16 26 22 65 28 68 63 29 60 21 69 74 30 37 34 76 78 77 36 72 70 
41 1 8 0 6 48 42 49 2 45 10 54 58 55 59 11 15 51 57 16 20 69 64 65 62 25 23 60 27 22 74 33 30 39 32 70 38 31 36 77 
48 46 44 6 49 3 7 45 1 9 18 54 52 59 19 10 56 55 16 58 69 68 24 27 28 67 62 20 66 21 39 30 78 70 75 77 37 32 34 76 
7 40 4 43 42 48 9 44 45 41 16 53 15 59 54 18 51 50 12 55 67 27 61 29 60 20 65 62 25 21 70 39 78 37 76 38 35 73 31 32 
9 47 6 40 8 1 0 5 42 4 11 56 53 15 51 13 50 52 16 54 20 26 66 67 69 25 61 27 64 68 34 76 78 71 75 39 72 74 30 73 
