-1 -1 -1 -1 -1 -1 -1 -1 -1 -1 -1 -1 -1 -1 -1 -1 -1 -1 -1 -1 -1 -1 -1 -1 -1 -1 -1 -1 -1 -1 -1 -1 -1 -1 -1 -1 -1 -1 -1 -1 -1 -1 -1 -1 -1 -1 -1 -1 -1 -1 -1 -1 -1 -1 -1 -1 -1 -1 -1 -1 -1 -1 -1 -1 -1 -1 -1 -1 -1 -1 -1 -1 -1 -1 -1 -1 -1 -1 -1 -1 -1 -1 -1 -1 -1 -1 -1 -1 -1 -1 -1 -1 -1 -1 -1 -1 -1 -1 -1 -1 -1 -1 -1 -1 -1 -1 -1 -1 
2 6 1 113 111 109 3 8 5 9 17 12 10 116 14 13 115 118 125 22 19 25 122 18 21 120 23 29 31 131 128 126 127 30 130 28 40 42 38 132 39 134 41 36 43 45 46 142 143 141 50 48 53 51 62 59 61 56 57 145 60 55 144 155 70 64 63 150 69 151 154 66 73 75 76 78 80 156 74 159 79 84 165 81 89 88 85 86 163 83 168 171 92 96 173 170 93 91 94 174 179 175 103 102 100 101 177 104 
113 2 3 1 4 110 5 109 6 15 16 116 14 114 13 117 118 9 23 122 124 120 25 26 125 121 19 34 131 29 128 126 127 129 32 28 135 134 37 43 42 132 137 36 40 51 48 45 142 139 52 47 138 140 61 148 58 146 57 59 54 62 145 71 67 153 150 154 155 69 68 151 72 76 79 156 158 75 161 73 77 165 89 81 166 164 163 85 87 82 96 170 90 92 169 98 93 97 172 99 179 102 103 101 104 177 176 105 
8 7 108 5 0 6 109 4 3 10 117 11 118 119 17 12 14 16 22 120 19 23 121 18 21 24 20 126 31 27 35 34 128 30 129 28 37 132 43 134 36 39 137 38 40 142 140 53 52 49 141 46 47 143 148 144 60 62 59 58 54 61 57 71 154 152 63 69 70 66 155 65 74 160 76 79 159 80 158 161 72 87 88 81 86 84 164 89 167 165 173 172 168 98 96 95 170 169 97 101 177 176 104 106 100 107 105 178 
6 108 4 3 8 1 110 112 7 12 118 15 16 13 10 116 114 14 26 25 120 20 24 124 121 123 122 29 128 127 27 30 131 34 33 130 42 40 36 41 38 132 135 43 39 46 53 48 138 45 139 50 49 143 58 148 144 62 57 149 145 59 146 65 155 70 153 67 63 64 71 150 157 156 159 76 73 74 78 80 72 83 163 86 82 85 89 88 167 162 90 96 169 168 171 94 173 98 170 179 101 100 177 176 105 106 174 104 
113 111 110 7 1 109 108 6 112 13 119 14 115 15 114 117 11 12 25 20 121 19 24 123 122 23 22 129 131 33 28 127 130 31 30 126 132 133 43 40 41 44 36 135 39 142 53 141 48 139 50 143 140 138 56 58 144 147 54 57 62 145 55 154 63 155 152 69 65 67 66 70 160 161 78 159 77 80 156 157 76 84 83 166 164 163 86 167 162 165 98 171 172 173 169 95 170 93 97 179 103 105 175 177 99 106 176 100 
112 7 4 0 108 111 110 113 2 12 11 16 114 117 10 15 118 116 123 124 18 120 25 23 122 19 26 29 130 32 126 128 34 27 30 131 39 37 41 43 137 134 133 38 135 48 143 139 52 140 138 47 45 142 59 55 62 57 146 60 148 147 149 151 63 70 71 66 67 64 69 68 76 77 75 79 157 73 160 161 74 85 87 166 88 164 165 163 167 86 93 90 169 173 168 92 94 172 97 179 107 177 106 101 102 176 103 175 
8 2 109 112 7 0 108 5 113 119 14 117 11 12 10 118 9 16 25 125 21 20 122 26 22 124 18 128 29 35 130 127 131 31 129 28 133 135 43 38 42 137 44 134 36 48 50 45 140 142 52 46 47 139 148 145 60 149 55 57 54 146 58 154 70 152 64 71 63 66 150 67 157 73 76 80 78 159 156 160 158 165 85 87 82 164 83 166 167 81 98 169 94 96 173 97 170 172 90 179 176 175 104 178 105 174 107 177 
5 108 112 110 109 0 7 3 111 119 11 116 16 114 117 115 9 12 24 26 20 121 125 22 23 18 124 30 33 27 127 32 126 28 31 128 135 137 132 41 39 37 133 134 44 48 143 141 46 138 51 50 142 53 61 58 55 144 146 54 145 149 56 68 69 67 63 155 66 64 151 150 74 159 156 76 72 80 157 79 78 82 83 166 162 164 84 167 81 88 91 93 170 168 173 171 90 169 94 177 175 104 103 102 174 107 99 100 
0 8 111 112 5 6 1 109 2 12 117 9 11 116 114 16 118 10 122 26 121 123 18 125 23 22 120 35 126 131 33 30 130 129 28 29 44 135 36 134 133 136 132 137 37 46 143 141 49 140 142 47 51 53 56 62 61 59 144 149 55 57 54 152 71 151 153 65 68 69 66 64 160 78 77 157 159 73 80 156 72 162 166 83 87 165 88 167 84 81 98 91 94 171 173 172 96 95 170 105 99 104 101 100 175 102 106 174 
5 112 0 108 113 4 109 2 1 116 13 15 14 119 117 12 16 114 21 121 122 124 18 120 22 19 123 27 126 127 30 33 32 34 28 130 135 37 42 132 43 134 38 137 41 46 139 51 142 138 47 141 45 143 57 60 54 58 59 149 145 62 144 66 68 67 63 155 150 154 152 151 161 74 73 76 75 72 77 160 79 83 165 167 82 163 86 87 84 89 96 91 97 170 94 95 92 93 172 179 174 178 175 103 105 101 100 102 
109 110 0 2 4 6 5 112 108 115 9 117 10 11 114 116 13 14 125 24 18 19 121 21 124 22 26 28 127 30 34 27 126 130 33 29 42 38 135 41 134 133 39 44 137 46 50 52 140 49 141 51 47 138 55 62 61 148 149 146 56 54 59 152 155 64 68 151 153 150 66 63 72 156 77 76 157 160 73 158 74 83 89 167 162 84 164 81 87 163 95 169 173 170 98 171 91 94 172 178 175 107 99 104 103 101 176 105 
5 113 2 112 3 109 7 8 4 16 117 118 11 14 10 114 17 13 122 19 18 125 124 20 23 26 25 33 35 28 130 31 27 34 126 129 36 42 38 39 44 37 43 135 40 46 47 143 49 138 141 140 139 142 148 146 145 58 144 55 62 60 149 71 70 65 69 68 66 153 154 67 75 73 160 157 158 156 161 78 74 165 81 86 88 85 163 87 162 82 94 92 90 168 173 98 170 172 97 107 177 105 102 106 174 101 104 103 
112 5 113 3 111 6 2 8 110 118 15 12 117 9 16 115 10 119 18 24 123 20 121 25 26 21 19 130 35 29 131 126 34 33 128 32 41 132 39 137 136 37 44 43 42 51 45 49 142 143 46 47 50 139 62 54 144 56 60 146 57 147 149 153 64 65 63 71 150 69 67 155 158 73 159 72 156 77 79 160 78 166 88 86 163 162 164 81 89 167 170 98 172 96 93 91 95 168 173 102 178 107 104 175 174 100 103 177 
6 0 110 109 2 3 7 4 108 119 114 15 10 116 13 118 11 17 120 24 125 22 25 20 121 124 23 32 131 129 126 33 31 130 34 29 41 133 39 38 135 132 40 134 37 139 53 47 50 140 138 142 52 141 55 148 61 145 57 54 146 147 62 152 63 150 68 65 69 154 153 66 75 77 158 156 74 79 80 159 76 164 84 85 81 82 89 88 87 86 91 97 98 93 169 173 90 95 92 179 178 106 176 103 99 101 175 174 
110 109 8 7 2 4 112 108 5 117 119 118 9 114 14 115 16 15 121 125 25 120 19 21 122 22 24 34 30 28 128 35 126 130 131 29 40 137 41 135 133 36 42 38 39 49 47 142 53 52 143 141 140 139 62 148 55 149 145 146 56 147 60 63 68 71 70 152 64 150 153 65 74 76 77 75 73 160 72 158 157 165 84 83 166 86 89 162 81 164 90 172 98 171 169 95 97 170 94 100 104 102 174 176 103 179 105 178 
0 113 108 7 1 110 4 111 5 13 117 119 9 15 11 118 14 16 19 24 25 26 123 125 18 124 122 29 127 31 27 30 130 128 34 33 133 41 137 37 36 38 43 135 39 49 143 139 142 141 138 140 51 47 60 149 144 147 55 58 146 145 54 69 154 65 153 151 68 152 66 155 157 161 158 78 159 156 74 76 79 89 164 163 87 167 86 88 82 83 173 97 92 91 96 168 172 98 90 107 102 177 174 175 178 99 100 106 
2 5 111 110 108 112 109 7 4 10 13 9 17 15 116 119 11 14 26 123 21 122 20 22 18 125 23 129 31 131 34 29 35 28 32 130 40 36 42 37 38 43 39 135 137 49 48 46 50 52 141 51 138 139 58 145 57 54 59 60 56 146 144 66 151 154 155 63 68 64 150 70 158 79 160 73 72 75 161 76 74 84 164 81 163 162 83 82 167 166 170 95 96 93 171 98 92 91 94 174 177 104 100 107 105 175 99 178 
7 1 110 4 113 112 111 108 3 115 15 10 116 17 9 117 12 11 24 19 123 121 122 22 125 23 120 32 127 33 131 129 29 34 31 126 135 39 134 44 38 42 37 41 132 143 141 138 45 53 139 50 142 46 61 62 60 148 56 145 55 57 147 71 151 63 152 68 67 66 65 69 79 160 161 76 73 156 75 157 72 162 83 87 163 164 84 167 89 85 92 168 171 95 96 173 172 170 94 179 176 175 99 106 104 177 174 101 
108 2 109 3 110 4 6 7 8 14 117 12 10 119 115 16 116 9 24 21 25 20 121 124 123 122 19 33 128 32 127 31 29 131 28 129 132 37 41 135 40 137 134 36 38 141 48 143 53 47 140 52 49 138 145 60 148 59 61 56 55 58 57 155 152 150 66 63 151 153 70 154 159 78 161 79 158 160 77 80 76 162 163 81 85 165 86 82 89 87 170 95 98 171 91 168 94 172 96 106 107 175 178 105 101 177 100 103 
3 0 109 6 1 7 110 111 4 12 116 119 117 10 114 14 9 115 20 120 123 25 26 21 19 22 18 128 130 129 29 35 126 31 32 33 137 42 43 39 37 38 40 132 44 139 49 138 51 47 45 140 141 143 149 62 60 54 57 59 58 56 55 67 71 63 65 153 70 154 151 64 158 78 77 157 74 160 73 156 76 88 84 166 89 87 165 83 167 86 173 170 97 168 172 169 91 171 92 99 106 104 178 107 103 176 177 102 
4 108 2 110 0 109 113 1 3 9 13 117 10 11 16 15 17 114 24 26 120 22 25 124 19 18 21 126 27 35 128 32 130 29 30 33 43 42 133 40 39 38 137 36 37 143 50 142 49 139 140 141 52 48 54 62 148 146 60 55 145 57 144 67 155 70 154 71 68 64 152 66 158 78 74 79 73 160 156 75 157 88 166 164 86 163 81 84 87 89 172 98 91 170 173 169 90 93 96 101 103 174 106 100 105 99 107 179 
0 3 109 6 2 112 113 108 1 9 116 12 10 14 119 17 16 118 25 22 120 24 125 21 19 124 123 31 34 129 30 126 28 32 130 131 37 42 43 38 39 133 40 36 41 139 46 45 138 49 141 50 53 47 61 144 147 56 58 59 57 146 148 68 69 155 153 71 151 67 66 152 73 158 161 75 72 77 74 156 78 84 81 86 85 166 89 83 87 162 168 169 171 173 94 95 97 91 96 178 174 101 176 177 103 179 106 104 
109 1 5 6 4 108 2 0 113 14 119 11 17 15 116 118 12 9 125 23 122 124 22 20 121 18 26 30 128 32 31 129 28 29 27 33 136 137 44 132 36 42 41 39 43 52 138 49 45 143 50 140 53 142 145 146 54 59 144 147 62 55 57 150 153 65 63 69 155 151 70 64 79 73 72 158 76 159 78 161 74 88 163 87 164 81 162 167 82 84 94 98 93 168 91 95 170 92 171 101 105 178 176 104 179 100 177 106 
108 4 8 110 5 3 1 113 112 17 115 117 116 114 14 11 118 15 18 24 23 123 22 19 20 124 26 33 127 27 131 126 29 32 30 34 41 135 38 137 134 42 133 36 40 48 52 140 138 45 51 46 139 49 147 57 62 56 60 54 144 61 145 64 65 66 150 153 152 151 155 68 159 79 77 76 75 80 72 160 73 164 85 165 84 166 163 83 167 81 91 173 97 171 168 95 90 170 172 177 99 106 103 107 175 100 102 105 
5 7 1 3 109 113 4 2 108 15 10 13 119 14 117 118 9 12 124 121 125 23 120 24 20 25 19 131 31 27 130 33 29 30 129 126 133 39 134 135 44 43 37 137 42 139 140 141 46 51 48 53 142 143 61 59 55 146 60 56 58 54 147 154 69 152 71 67 65 64 151 68 79 75 160 157 72 159 76 74 158 167 86 163 89 84 88 83 165 85 92 94 172 91 93 170 96 95 169 106 102 105 177 104 175 174 101 176 
3 111 113 6 2 112 1 110 109 114 12 16 9 115 116 17 11 10 24 20 124 122 125 120 19 26 22 32 127 29 129 34 30 35 130 131 44 43 39 36 133 41 134 38 132 45 53 50 143 138 139 48 46 49 144 56 62 57 148 145 59 58 146 71 64 63 151 154 70 152 67 150 77 160 158 157 80 79 159 161 76 166 86 88 165 81 163 84 167 85 169 95 97 96 94 172 98 93 90 174 106 178 102 105 101 175 177 107 
110 5 8 0 4 7 113 112 108 13 12 119 115 10 114 9 16 17 26 124 23 122 123 125 120 18 25 35 30 131 129 27 29 127 33 130 38 44 132 133 37 134 42 41 136 50 143 142 52 53 139 140 138 49 62 55 59 146 148 56 57 144 149 65 66 152 150 71 70 155 151 67 74 156 161 72 79 80 77 157 78 86 88 89 81 163 162 165 167 87 95 93 169 96 173 97 172 94 170 105 176 104 175 179 99 177 103 100 
8 108 113 5 3 6 112 7 1 12 114 13 117 115 116 17 16 15 121 122 26 23 123 19 20 21 24 30 32 29 35 126 127 128 28 34 132 40 37 135 36 133 39 136 38 138 53 52 142 47 143 140 50 49 62 55 54 61 58 149 60 57 144 67 155 66 150 63 70 69 68 153 75 160 79 76 73 156 78 157 80 163 88 167 85 165 87 89 164 84 171 93 169 98 173 168 95 96 97 105 102 174 103 100 104 179 178 176 
6 8 110 111 113 109 0 3 7 117 115 15 116 14 119 9 17 118 26 125 22 120 23 122 21 124 25 128 27 28 126 32 130 127 129 34 42 133 135 39 136 132 40 41 137 47 46 48 51 139 53 143 141 140 61 149 146 62 55 57 60 148 54 67 63 70 69 65 151 150 153 64 72 77 74 78 161 79 75 158 73 81 87 163 85 83 167 88 84 89 172 95 91 90 93 170 171 97 169 104 107 105 175 103 102 178 99 179 
