-1 -1 -1 -1 -1 -1 -1 -1 -1 -1 -1 -1 -1 -1 -1 -1 -1 -1 -1 -1 -1 -1 -1 -1 -1 -1 -1 -1 -1 -1 -1 -1 -1 -1 -1 -1 -1 -1 -1 -1 -1 -1 -1 -1 -1 -1 -1 -1 -1 -1 
2 57 6 55 51 53 59 8 7 52 16 11 60 61 66 67 63 14 17 65 24 23 27 28 26 22 29 77 25 78 82 32 37 38 36 80 86 85 35 34 45 94 47 90 93 96 98 44 42 91 
6 9 53 50 58 59 3 1 57 4 66 67 17 18 63 19 68 14 64 65 71 20 29 28 79 75 25 21 77 76 31 84 83 33 30 89 82 86 80 88 44 41 42 47 45 49 97 43 94 92 
2 4 0 51 50 3 9 59 55 53 11 16 18 68 12 10 67 14 60 13 20 75 26 78 27 76 25 29 71 74 35 81 34 82 85 39 31 87 84 83 47 44 92 99 49 93 45 46 91 97 
4 1 53 56 7 51 52 8 5 50 60 67 65 64 10 66 16 15 19 68 29 74 71 21 73 78 25 28 77 79 38 34 88 82 35 84 32 89 81 31 90 42 94 92 46 98 99 45 49 48 
53 54 9 50 0 55 4 51 56 1 61 19 18 66 12 62 68 63 17 10 75 74 79 70 27 71 28 22 76 23 36 83 31 87 88 34 89 38 32 37 92 90 47 42 45 98 94 91 97 96 
58 9 3 0 59 1 2 4 53 54 18 17 66 69 13 67 11 14 62 63 73 24 71 70 27 26 74 78 23 28 37 38 34 87 85 89 82 35 81 80 45 93 43 40 42 96 91 97 92 47 
8 57 3 7 2 1 54 59 51 53 17 15 63 67 10 62 19 68 16 11 29 71 70 23 75 78 76 25 20 79 33 31 34 38 32 84 30 37 80 82 46 93 99 91 90 44 97 42 43 48 
7 56 58 6 52 9 1 0 54 57 14 68 18 10 16 17 66 63 12 69 23 24 29 75 25 26 71 22 79 76 33 39 80 34 85 87 86 82 30 36 94 45 99 91 47 46 48 93 97 49 
0 59 2 51 3 5 57 4 54 6 64 19 68 12 63 69 11 66 16 65 21 23 29 26 70 73 22 24 27 74 37 85 88 35 38 89 36 80 30 83 97 49 99 40 90 43 95 44 91 96 
4 8 5 7 57 50 54 6 2 3 13 16 65 19 66 69 60 62 61 10 28 70 22 27 76 23 20 25 78 21 85 80 88 87 83 37 38 34 32 35 93 40 46 95 96 41 45 99 48 49 
8 2 59 55 7 54 51 57 0 53 13 10 69 60 14 11 18 15 17 66 75 25 26 21 24 78 73 74 23 70 32 83 35 82 34 84 85 81 88 87 99 48 41 92 40 42 91 46 44 94 
0 5 3 55 53 58 59 52 2 50 64 10 15 69 60 65 19 61 12 17 21 78 70 73 27 76 20 79 71 28 81 32 34 38 39 80 88 86 82 87 42 95 48 92 99 40 93 45 43 96 
53 1 54 56 58 2 8 7 3 50 67 66 12 18 68 63 19 61 17 64 72 78 23 27 22 77 73 75 28 70 84 32 80 87 89 83 39 30 36 38 44 47 98 97 91 41 42 93 48 49 
54 3 58 2 9 50 52 51 59 7 60 69 12 65 10 13 19 63 62 61 22 24 79 21 73 74 72 26 71 23 88 82 89 30 35 83 86 33 39 38 99 95 93 90 44 92 46 97 42 94 
9 6 53 52 58 0 57 55 4 7 10 65 13 15 12 69 62 19 66 67 28 73 72 23 77 74 79 29 24 21 82 89 35 80 81 33 88 83 84 34 41 43 94 44 93 99 90 42 47 92 
53 55 6 4 57 5 0 56 59 1 68 67 60 12 63 17 13 66 10 19 71 20 73 70 76 74 72 27 22 24 37 88 34 83 89 35 30 36 87 31 99 43 95 98 45 40 94 41 42 47 
55 52 7 4 9 8 2 51 53 54 65 64 14 19 62 68 61 12 16 66 21 26 25 74 20 79 75 29 72 22 84 87 80 37 34 82 88 85 83 36 96 40 45 48 46 93 91 97 49 47 
58 55 1 51 56 50 53 54 3 59 14 13 18 12 62 68 61 65 66 60 22 24 27 75 70 77 71 74 76 29 85 88 80 86 87 38 30 33 34 39 94 99 98 95 42 49 45 43 40 91 
1 8 59 6 9 7 57 4 56 0 67 61 13 69 17 12 18 11 15 19 76 75 26 29 71 24 28 25 22 72 89 85 84 36 33 30 37 39 80 83 98 92 95 45 96 40 44 48 91 47 
7 8 57 54 51 2 50 3 56 55 69 13 67 64 60 14 18 12 10 17 28 75 73 20 24 79 74 21 78 77 32 36 37 39 31 86 88 35 89 80 99 40 94 42 91 46 90 45 43 95 
3 54 1 50 53 6 52 0 4 55 67 61 62 16 11 13 66 63 15 18 77 26 28 23 21 76 78 29 72 24 85 31 34 88 36 80 81 38 37 30 42 49 41 45 93 44 95 91 98 99 
51 7 4 52 1 6 0 9 55 57 13 10 19 16 15 69 17 68 62 63 72 71 70 23 79 21 76 74 77 73 82 34 87 37 36 31 84 39 89 32 45 46 42 41 90 93 40 96 97 95 
0 8 9 54 5 53 2 6 59 4 62 13 65 66 14 18 17 61 15 19 21 26 29 76 22 20 75 74 23 72 88 31 36 81 30 33 32 87 39 85 91 46 44 49 97 93 45 42 92 96 
51 5 3 59 2 54 4 50 58 53 64 60 12 19 65 62 14 68 11 15 27 25 20 22 71 70 28 73 74 29 87 82 89 83 32 85 81 84 35 39 94 93 43 40 45 46 92 97 91 48 
4 7 54 6 8 57 59 2 56 51 18 66 19 68 60 62 61 13 15 16 26 22 75 28 78 73 29 70 21 79 84 30 37 34 86 88 87 36 82 80 95 41 99 93 97 42 92 44 40 96 
51 1 8 0 6 58 52 59 2 55 10 64 68 65 69 11 15 61 67 16 20 79 74 75 72 25 23 70 27 22 84 33 30 39 32 80 38 31 36 87 95 96 91 49 48 46 41 90 44 47 
58 56 54 6 59 3 7 55 1 9 18 64 62 69 19 10 66 65 16 68 79 78 24 27 28 77 72 20 76 21 39 30 88 80 85 87 37 32 34 86 92 43 42 97 99 41 49 46 40 90 
7 50 4 53 52 58 9 54 55 51 16 63 15 69 64 18 61 60 12 65 77 27 71 29 70 20 75 72 25 21 80 39 88 37 86 38 35 83 31 32 99 97 93 46 43 49 94 48 96 91 
9 57 6 50 8 1 0 5 52 4 11 66 63 15 61 13 60 62 16 64 20 26 76 77 79 25 71 27 74 78 34 86 88 81 85 39 82 84 30 83 43 91 45 90 96 47 98 97 41 92 
