-1 -1 -1 -1 -1 -1 -1 -1 -1 -1 -1 -1 -1 -1 -1 -1 -1 -1 -1 -1 -1 -1 -1 -1 -1 -1 -1 -1 -1 -1 -1 -1 -1 -1 -1 -1 -1 -1 -1 -1 -1 -1 -1 -1 -1 -1 -1 -1 -1 -1 -1 -1 -1 -1 -1 -1 -1 -1 -1 -1 -1 -1 -1 -1 -1 -1 -1 -1 -1 -1 -1 -1 -1 -1 -1 -1 -1 -1 -1 -1 -1 -1 -1 -1 -1 -1 -1 -1 -1 -1 -1 -1 -1 -1 -1 -1 -1 -1 -1 -1 -1 -1 -1 -1 -1 -1 -1 -1 -1 -1 -1 -1 -1 -1 -1 -1 -1 -1 -1 -1 -1 -1 -1 -1 -1 -1 -1 -1 
24 37 54 13 43 44 174 139 144 4 51 29 169 132 172 10 150 2 173 156 157 178 23 11 47 152 147 155 154 134 3 6 176 45 41 18 162 7 131 180 151 17 25 153 21 28 32 46 168 0 14 135 22 20 158 201 203 73 72 69 56 199 184 186 57 190 195 189 192 61 75 68 65 58 200 63 62 81 208 78 87 77 92 211 217 218 86 205 89 206 213 212 93 207 96 106 109 244 233 113 104 108 228 224 98 241 112 240 232 237 100 97 236 105 115 226 252 117 248 251 254 119 258 256 246 124 116 125 
179 133 141 156 128 25 182 3 0 135 33 150 35 155 38 138 145 54 36 154 49 47 172 146 180 8 164 169 158 21 144 4 37 43 175 5 32 176 157 31 27 51 44 162 140 181 17 46 52 14 23 34 19 48 24 204 56 184 57 188 68 67 193 191 195 55 202 60 58 199 65 185 198 201 197 71 76 221 217 88 87 86 209 214 89 220 215 92 81 85 93 222 206 218 108 99 226 114 97 101 228 94 105 96 238 232 237 115 233 234 224 227 98 106 223 225 116 120 126 118 252 256 253 123 125 121 250 246 
30 178 4 157 8 161 22 20 35 9 148 18 140 28 54 149 37 147 50 142 177 41 13 141 7 143 15 36 160 139 159 16 153 152 1 53 0 162 156 25 5 2 129 47 154 144 128 131 49 26 165 34 175 51 23 190 197 73 191 65 189 188 76 201 71 198 194 58 63 183 195 74 186 60 61 68 204 210 84 208 214 221 218 92 82 205 212 211 81 93 217 78 220 206 107 244 239 95 108 235 225 109 101 224 111 238 226 112 232 243 229 102 233 228 237 245 251 258 121 125 118 246 120 252 119 116 254 122 
166 19 176 151 139 41 158 131 42 137 164 20 49 153 161 40 53 134 34 133 170 12 150 51 24 171 38 11 13 155 169 149 156 147 17 178 18 136 26 144 8 0 23 128 15 52 160 30 7 36 173 14 154 46 179 66 193 69 63 195 201 183 184 200 187 203 56 73 76 68 60 57 74 186 70 55 72 206 218 81 222 79 215 207 213 205 87 214 217 88 82 90 91 208 225 115 96 234 240 100 241 239 114 235 104 242 229 99 98 107 101 233 106 112 244 226 123 121 255 122 249 252 258 250 118 251 246 127 
52 162 34 136 39 45 139 144 158 173 180 6 4 157 155 26 134 44 156 140 175 33 36 32 16 12 146 170 29 38 19 131 46 178 42 7 41 166 132 9 24 8 182 138 0 22 165 171 14 151 149 169 30 154 47 63 183 188 185 199 191 195 58 187 70 64 202 61 198 55 76 200 60 72 196 73 204 214 215 77 207 205 79 92 216 208 84 78 217 82 80 213 220 210 235 98 239 99 230 103 96 111 228 243 101 95 94 233 232 225 105 242 237 245 106 100 258 249 247 255 124 118 123 125 250 246 119 257 
144 176 137 132 164 45 21 149 145 159 30 155 7 153 28 162 4 180 2 154 25 42 22 160 12 166 133 54 135 16 146 18 158 172 173 10 23 128 0 142 46 52 38 165 6 5 175 157 47 129 44 13 27 39 35 70 191 204 74 73 59 56 76 189 188 184 61 183 203 190 194 67 55 66 197 195 196 77 89 210 212 84 78 93 208 217 92 85 205 222 214 83 219 218 224 102 226 244 233 114 115 95 240 228 97 236 109 101 227 111 235 96 231 229 113 112 250 126 252 253 118 255 249 116 247 119 120 251 
148 137 163 177 152 157 13 26 32 8 161 132 143 166 40 18 151 150 173 54 36 37 170 168 136 23 38 138 130 146 129 29 133 22 21 154 45 174 178 167 128 35 9 20 181 28 155 49 175 158 24 14 172 131 47 191 197 65 60 57 187 70 183 69 199 196 59 186 73 66 61 184 63 192 71 193 68 79 88 210 219 208 205 222 78 93 80 87 211 212 220 91 83 221 235 100 229 105 228 241 225 223 110 240 114 236 230 232 242 234 98 244 103 107 111 227 251 127 248 255 250 118 247 246 120 124 257 119 
147 133 151 28 136 175 47 139 154 169 10 15 29 153 30 130 144 8 160 6 39 182 42 7 21 173 161 1 156 12 17 180 132 50 179 19 9 49 148 174 41 33 152 23 171 40 44 162 35 166 165 45 34 37 129 201 203 202 71 69 62 193 68 75 72 190 74 187 66 183 57 70 64 186 73 197 204 206 217 83 79 219 90 89 92 85 84 210 207 214 87 80 213 221 240 229 235 105 238 114 241 225 239 100 228 223 104 110 243 97 107 103 242 96 101 109 125 117 255 122 254 127 126 124 119 247 116 252 
128 138 8 3 48 13 10 146 44 130 153 32 33 19 7 28 9 43 139 162 24 49 154 14 15 137 169 22 30 177 50 181 157 6 179 168 149 165 166 141 11 0 143 23 18 17 25 40 132 51 5 152 145 180 171 63 59 73 184 186 193 191 68 204 202 201 185 199 188 190 56 200 70 194 72 61 195 212 92 89 221 82 83 79 208 206 211 90 77 86 85 215 207 218 240 114 106 102 96 226 234 104 245 105 231 110 243 232 236 115 237 228 244 223 242 103 253 126 122 251 258 254 116 123 117 121 120 247 
47 54 36 128 18 1 51 6 179 164 26 34 171 162 159 28 48 174 144 41 147 158 140 151 131 175 50 32 181 52 46 37 178 31 130 35 133 40 13 2 42 153 156 143 24 0 9 173 21 10 170 165 160 154 152 193 64 190 60 192 186 199 68 189 204 183 71 57 184 65 202 191 66 185 194 69 195 85 219 216 92 215 206 214 205 209 82 210 83 221 222 81 91 87 233 114 111 231 99 97 238 108 107 109 235 98 224 96 103 239 229 245 236 94 104 228 250 126 121 253 247 252 249 248 246 118 122 254 
43 179 42 47 34 35 19 155 29 0 146 139 162 151 173 140 2 51 164 170 138 26 7 176 41 36 132 21 32 54 130 11 31 38 18 128 180 50 142 3 136 156 172 22 163 49 145 134 28 23 159 149 152 143 165 196 60 190 73 67 57 185 71 192 202 201 69 65 204 189 200 62 56 70 61 193 197 211 206 208 217 209 221 86 214 82 222 91 79 220 89 207 83 212 99 95 101 233 228 244 94 98 245 100 97 224 96 115 241 108 239 243 109 234 103 242 254 249 127 126 116 118 120 255 121 257 251 253 
2 22 129 161 160 173 139 7 174 146 44 15 1 6 142 156 130 54 37 38 166 154 36 9 158 18 148 169 30 145 168 181 178 165 0 24 50 14 12 26 19 23 46 137 155 170 133 150 8 33 21 49 42 167 27 55 68 59 67 186 64 65 190 62 202 191 201 60 71 192 194 183 57 193 63 187 185 81 80 84 206 78 221 86 87 214 88 220 83 222 216 217 207 212 111 108 98 234 243 110 230 225 232 223 226 113 114 245 229 103 95 94 228 240 115 112 246 252 247 258 122 123 255 124 249 116 119 117 
18 148 136 174 154 14 32 141 171 153 6 36 175 41 17 160 34 24 42 180 53 142 9 7 54 131 161 47 155 172 157 35 150 4 170 162 137 176 152 146 38 33 173 25 181 12 129 51 139 45 1 49 140 130 163 198 74 190 194 72 204 68 64 57 67 199 192 55 200 193 186 185 189 195 62 201 56 81 85 78 217 220 221 211 82 93 219 222 80 90 206 91 84 87 231 224 234 241 225 111 228 96 98 113 230 237 239 242 102 243 106 114 99 229 110 245 122 246 116 251 125 127 247 117 118 126 249 124 
49 7 160 164 144 128 30 54 152 11 133 139 154 51 39 130 174 149 48 132 20 6 165 42 41 181 19 151 17 166 26 170 23 175 180 36 162 131 146 31 27 135 169 24 4 136 177 159 156 9 129 176 161 5 134 189 70 190 199 65 58 64 76 57 191 55 185 67 62 59 187 195 188 73 72 203 183 218 88 221 215 210 208 84 82 213 209 91 85 217 206 93 220 86 109 227 114 101 235 95 103 245 100 237 104 224 241 238 113 108 244 99 112 228 242 226 249 118 253 125 246 127 119 120 258 254 247 256 
37 34 39 54 179 153 8 29 14 2 40 17 148 9 178 4 154 138 35 45 146 44 23 36 141 132 0 11 161 21 13 53 7 1 174 159 31 155 147 33 3 163 173 133 162 156 169 172 139 171 145 48 16 25 129 61 204 66 187 75 196 58 183 76 57 68 192 64 198 69 55 202 197 195 199 193 194 78 90 221 92 218 77 205 80 82 212 222 217 208 79 209 84 83 242 94 225 109 243 113 105 227 100 245 224 244 230 238 111 98 108 97 232 240 236 241 252 248 251 125 246 250 124 255 256 121 247 122 
3 147 17 140 48 149 165 168 38 1 32 18 11 44 151 136 33 26 131 139 42 39 12 137 166 163 6 49 16 129 8 130 30 53 54 159 7 161 29 135 138 164 51 35 2 174 172 21 31 45 0 153 27 14 176 202 194 74 190 72 64 76 186 63 65 199 73 61 57 184 195 188 198 71 196 69 187 215 218 79 78 81 89 88 206 87 77 216 82 212 220 80 219 91 239 104 97 236 112 95 235 227 105 242 106 98 233 244 231 109 110 228 99 225 111 103 118 124 258 246 256 255 123 257 121 249 119 250 
46 39 177 10 149 163 178 11 19 45 128 50 182 159 8 25 42 44 3 24 51 130 52 21 146 165 134 161 33 54 144 32 173 38 142 160 40 23 176 141 12 167 152 140 47 179 43 26 131 139 31 132 0 17 20 63 56 69 183 65 188 194 201 76 190 203 184 186 62 189 59 204 57 199 187 66 58 208 87 215 77 78 84 86 207 209 217 219 216 80 221 93 213 88 226 102 223 98 233 230 241 105 97 101 244 110 104 115 245 243 96 235 99 225 240 236 248 252 250 117 121 251 120 258 119 257 253 124 
23 20 3 41 149 15 39 12 52 142 49 26 14 134 10 53 132 151 30 29 5 136 145 2 154 170 18 167 147 47 161 165 25 35 162 19 163 158 159 33 1 44 36 150 31 176 140 42 51 21 168 17 182 45 144 71 189 59 193 199 192 186 201 185 183 72 203 57 69 61 195 66 76 187 56 184 70 80 90 213 77 215 86 207 92 222 83 212 85 84 219 82 209 210 234 106 111 226 238 241 115 224 104 231 100 244 242 239 245 230 236 99 227 101 233 243 251 127 255 256 117 250 119 249 116 253 125 122 
0 36 168 9 145 128 178 52 143 167 40 50 13 152 2 173 164 139 162 6 161 32 169 156 44 151 37 15 4 12 21 48 39 33 1 11 16 130 149 43 18 38 158 172 17 14 53 142 24 144 20 46 133 49 166 201 202 71 191 204 73 62 76 75 65 203 187 68 184 64 61 57 196 63 198 70 74 84 89 216 92 207 221 208 87 77 217 220 82 209 206 222 83 85 228 241 225 243 98 223 111 100 99 108 240 112 101 229 102 236 114 95 96 106 226 109 255 119 251 116 252 254 124 248 123 258 126 118 
23 15 5 8 134 178 154 13 22 27 46 35 150 151 181 148 171 48 128 24 169 175 147 157 155 42 131 156 30 7 162 146 160 167 39 153 163 19 143 142 21 38 182 165 20 51 174 139 4 173 47 50 3 130 31 56 203 183 185 202 55 197 64 65 199 72 59 60 191 196 75 204 200 195 198 57 66 84 82 222 214 207 212 206 81 80 217 88 219 93 221 215 91 89 94 225 97 96 237 244 110 241 113 224 227 115 243 235 231 99 98 105 226 95 103 109 255 248 120 247 118 251 126 119 256 246 121 122 
167 27 173 9 148 22 19 47 50 166 132 14 7 179 13 34 39 12 32 130 45 41 159 23 1 10 177 151 128 180 15 135 165 155 43 154 24 140 136 182 37 42 4 38 139 142 18 54 163 147 168 51 53 8 133 192 58 55 66 64 61 195 203 193 59 189 72 68 76 63 198 184 67 56 57 202 70 215 219 220 85 82 91 205 78 92 212 88 207 84 206 213 214 87 99 240 231 245 111 232 230 107 236 100 106 238 98 97 223 243 114 115 234 229 228 103 127 256 257 121 254 124 258 252 248 119 123 117 
38 4 45 147 166 24 49 136 15 6 14 131 12 52 0 178 144 170 51 139 35 33 141 152 138 143 37 160 10 173 164 142 34 8 1 7 148 22 176 23 150 21 154 36 50 156 172 47 39 155 11 48 163 20 19 73 204 190 61 193 197 76 57 187 66 201 64 184 74 195 192 72 63 203 67 199 188 90 219 220 89 212 81 77 217 84 92 206 80 211 83 87 222 86 228 108 225 107 102 224 110 113 226 101 229 114 230 231 98 104 238 243 233 105 106 95 124 121 126 246 254 257 247 118 253 123 125 249 
132 42 0 5 176 173 161 39 53 54 172 45 138 142 134 140 27 22 128 154 12 143 174 179 164 34 139 147 14 7 51 6 171 144 21 35 169 20 15 150 47 136 168 146 41 9 30 4 46 129 16 160 31 159 178 184 69 195 55 202 68 59 200 57 65 194 201 76 192 66 73 62 71 74 58 190 63 209 93 89 206 90 207 78 87 88 79 212 208 82 215 86 211 92 238 232 104 105 227 241 99 233 242 101 115 108 240 226 97 229 94 106 102 245 103 112 116 123 125 256 121 120 126 253 124 254 248 127 
9 46 137 138 143 132 35 144 22 155 170 174 163 39 19 175 49 44 139 30 45 130 24 135 153 10 14 162 6 42 11 145 43 136 3 172 25 150 148 40 7 173 166 15 0 21 33 169 154 152 156 29 151 182 128 190 184 202 204 189 201 73 71 186 63 196 195 192 57 55 187 76 72 59 68 67 58 220 79 82 86 207 217 218 78 215 213 216 89 93 222 83 219 80 102 245 95 115 232 107 109 238 241 237 226 101 96 100 236 234 231 97 108 99 114 227 119 117 247 249 116 254 252 120 124 255 246 258 
163 141 167 26 46 168 12 31 33 173 10 176 18 49 159 158 27 162 172 20 6 42 140 43 170 149 22 9 145 144 181 130 142 138 37 25 52 128 15 180 135 47 165 16 23 44 157 36 39 175 48 30 154 150 0 188 183 58 55 70 203 63 202 60 189 75 74 71 199 57 69 66 62 187 196 65 186 89 222 209 86 88 90 215 218 211 219 217 93 206 79 82 214 77 243 115 94 110 231 239 232 98 224 108 102 103 233 106 245 225 223 227 111 96 112 235 116 120 249 121 257 119 246 125 122 117 250 247 
131 0 35 143 163 161 36 33 50 130 7 151 40 13 139 132 25 24 49 3 52 160 31 21 169 170 45 27 20 174 171 8 10 164 22 176 133 16 144 41 15 158 175 145 128 26 142 181 152 172 178 149 34 12 153 60 198 75 62 71 59 56 70 193 72 204 66 76 192 65 189 201 199 195 69 190 194 208 210 85 206 90 84 220 88 219 213 89 83 78 87 92 218 93 245 234 230 228 224 240 107 239 101 114 236 242 232 225 108 94 112 244 105 97 241 237 253 123 252 121 124 254 119 250 257 122 126 125 
1 16 137 10 15 167 148 182 22 179 133 46 27 40 35 176 48 47 5 150 45 34 36 53 135 38 52 8 165 170 42 20 147 12 18 4 41 50 139 169 146 134 129 130 14 44 157 173 25 30 181 0 171 143 164 190 183 56 58 67 194 63 60 61 73 57 201 204 197 187 186 199 64 185 68 70 195 219 82 77 214 87 205 215 222 217 221 79 210 93 85 218 208 90 224 110 106 105 104 233 235 226 243 98 115 236 101 240 107 225 227 99 108 94 239 95 125 249 253 118 255 127 246 124 248 117 119 257 
153 138 42 9 142 49 148 26 137 132 22 177 4 147 50 31 149 45 34 53 162 180 145 154 3 167 37 18 171 155 158 168 33 24 166 179 0 30 1 172 35 19 163 135 17 16 29 20 169 181 157 32 41 25 144 201 62 191 183 65 60 71 72 189 184 203 194 74 63 199 204 75 195 200 70 55 69 218 219 210 77 79 89 80 206 86 211 90 208 83 88 87 207 78 238 239 99 98 106 237 100 97 96 113 243 232 101 109 228 227 111 244 231 226 105 95 126 254 258 117 250 121 248 122 257 249 123 124 
1 31 15 137 145 51 140 179 37 2 35 21 147 45 0 34 146 6 7 138 8 32 14 173 133 24 26 169 175 42 17 25 163 160 164 150 5 53 47 30 52 132 20 139 135 166 10 41 149 3 18 154 177 29 11 60 74 190 183 187 56 191 73 55 63 57 202 203 195 199 188 71 76 200 201 75 184 220 219 77 215 208 221 206 86 218 210 89 90 78 84 80 83 92 228 110 98 114 108 100 104 245 243 223 94 105 233 230 240 113 115 106 95 242 102 112 127 125 249 122 256 119 121 258 123 250 126 257 
