-1 -1 -1 -1 -1 -1 -1 -1 -1 -1 -1 -1 -1 -1 -1 -1 -1 -1 -1 -1 -1 -1 -1 -1 -1 -1 -1 -1 -1 -1 -1 -1 -1 -1 -1 -1 -1 -1 -1 -1 -1 -1 -1 -1 -1 -1 -1 -1 -1 -1 -1 -1 -1 -1 -1 -1 -1 -1 -1 -1 -1 -1 -1 -1 -1 -1 -1 -1 -1 -1 -1 -1 -1 -1 -1 -1 -1 -1 -1 -1 -1 -1 -1 -1 -1 -1 -1 -1 -1 -1 -1 -1 -1 -1 -1 -1 -1 -1 -1 -1 -1 -1 -1 -1 -1 -1 -1 -1 -1 -1 -1 -1 -1 -1 -1 -1 -1 -1 -1 -1 -1 -1 -1 -1 -1 -1 -1 -1 -1 -1 -1 -1 -1 -1 -1 -1 -1 
1 11 23 14 28 29 25 162 167 20 22 142 164 2 168 160 170 159 8 0 24 6 18 21 144 17 153 27 163 150 141 138 15 7 183 175 194 191 49 57 65 63 69 35 54 180 171 43 205 41 61 70 187 181 178 53 56 202 36 204 199 193 197 44 174 196 55 182 195 58 38 213 231 83 95 76 102 71 72 96 90 80 237 82 208 85 97 241 100 105 218 92 89 232 233 73 94 209 74 84 103 77 229 211 219 212 104 122 253 250 259 260 136 112 125 108 267 132 274 246 133 114 110 263 115 269 116 129 265 256 107 272 131 118 124 121 268 
27 10 8 160 140 21 29 28 143 0 13 23 170 11 1 9 18 17 22 163 148 155 5 167 158 137 141 14 26 157 164 154 168 169 179 197 182 49 180 67 38 192 35 183 175 199 60 66 206 203 64 187 207 174 200 194 202 61 195 34 37 176 186 45 46 48 54 53 68 188 193 103 104 89 218 95 101 91 229 214 85 74 226 94 80 223 237 211 84 83 240 90 230 78 220 76 208 225 228 244 82 72 105 215 243 236 100 128 109 269 266 122 115 119 113 247 272 129 262 124 252 263 250 258 134 259 255 108 135 136 273 125 123 260 249 126 248 
137 143 22 144 21 1 5 28 16 0 141 27 12 170 162 145 163 15 11 158 152 151 33 159 140 150 142 13 10 3 17 14 30 8 179 177 34 194 205 45 61 185 207 52 62 36 180 202 196 191 56 48 206 173 183 188 195 63 70 47 40 178 175 42 193 190 182 181 176 51 192 94 87 90 229 72 233 231 210 98 100 76 84 93 219 104 88 226 221 212 236 89 240 106 83 235 85 71 214 227 242 228 223 75 103 74 220 130 245 132 110 125 264 263 267 269 253 249 246 254 271 250 265 133 114 251 131 135 128 248 112 107 117 247 266 124 257 
1 156 164 33 138 16 167 19 143 6 154 166 14 32 140 149 137 22 146 160 150 31 159 168 2 142 13 152 169 24 162 163 7 3 199 44 205 176 196 63 61 184 43 57 52 46 182 191 186 173 181 51 45 50 40 54 183 59 179 65 195 180 193 178 47 62 198 197 69 171 66 106 99 218 72 81 242 219 239 84 231 76 94 82 213 229 216 104 214 77 103 90 234 232 222 217 93 105 75 91 73 228 74 226 100 243 240 121 250 262 110 117 120 264 131 252 128 111 247 261 246 119 126 266 109 118 130 265 136 259 251 132 253 268 256 255 257 
27 147 23 10 151 158 25 32 16 163 6 156 15 168 148 4 22 170 164 155 29 8 153 159 150 0 162 12 13 19 137 33 167 145 175 191 64 182 44 192 171 206 201 34 184 200 181 178 42 179 172 190 54 38 180 204 66 195 194 61 62 174 37 39 58 186 56 36 52 35 183 77 239 101 88 238 211 89 81 97 90 227 210 220 79 244 235 78 228 106 71 216 214 87 236 243 232 221 215 91 222 84 225 242 105 218 231 132 256 131 255 250 127 129 246 263 245 270 128 112 271 115 248 257 126 262 249 253 267 266 269 118 107 116 122 264 273 
144 25 165 162 160 145 170 12 159 23 147 16 13 24 33 27 169 149 15 156 19 153 21 5 17 164 32 139 154 142 29 157 22 3 176 181 54 63 67 187 60 48 200 194 43 62 65 184 68 173 49 42 177 206 47 197 61 44 52 36 198 40 172 203 204 174 189 193 69 180 55 238 235 96 78 214 92 98 209 76 101 237 244 240 79 228 87 94 75 85 86 227 222 243 212 215 216 241 223 242 73 210 226 217 103 100 105 134 116 109 266 119 117 107 256 246 251 245 247 273 115 265 121 130 133 272 252 114 264 260 129 271 269 250 131 111 120 
163 144 14 150 4 164 19 33 11 28 149 162 9 146 5 157 141 20 2 142 145 169 0 165 143 168 23 25 159 151 24 10 32 138 200 38 199 35 63 64 51 189 182 39 205 66 179 181 190 196 198 55 206 175 43 47 42 69 41 204 180 48 202 45 36 174 203 197 192 65 201 208 87 85 82 96 97 220 241 92 100 219 89 230 237 73 83 235 221 233 88 224 218 90 217 78 225 223 238 216 102 240 234 93 72 86 226 267 120 252 123 124 264 249 265 256 133 114 112 121 260 273 274 128 257 116 117 248 247 261 254 250 270 125 259 109 262 
13 163 11 158 15 5 139 138 151 14 26 7 165 140 155 137 168 161 3 169 16 8 27 20 150 18 149 141 147 145 23 4 10 2 50 36 47 53 62 37 48 190 174 38 57 203 66 189 172 175 52 193 183 43 196 171 49 61 201 65 185 188 179 204 180 39 55 198 69 56 182 234 84 213 87 100 106 237 240 217 104 74 210 73 78 218 81 230 211 76 229 236 101 227 232 233 83 208 77 98 94 226 216 212 221 231 96 133 263 108 270 136 117 255 119 112 259 107 111 264 116 120 118 265 131 272 135 109 110 254 271 113 252 114 257 246 245 
164 158 11 162 150 30 0 25 17 137 161 8 170 12 4 1 147 21 28 27 2 10 23 32 143 159 167 24 146 163 141 165 20 138 43 47 69 198 191 195 192 37 34 206 205 204 196 39 199 190 172 36 200 65 41 59 194 171 56 61 184 188 45 207 181 58 55 173 54 183 68 235 71 243 216 242 100 86 95 84 220 217 103 79 78 231 228 83 233 104 237 222 241 215 81 94 211 240 77 98 232 219 221 226 72 210 97 114 108 246 130 273 249 120 134 245 257 116 121 264 267 125 129 119 263 251 262 265 111 112 135 118 109 270 253 271 113 
9 143 13 170 10 154 0 18 144 156 151 137 32 22 145 146 16 17 31 1 149 147 7 30 12 159 19 11 160 165 167 6 155 161 58 66 178 193 175 39 52 200 191 206 59 43 47 199 184 51 173 192 60 57 179 50 65 46 197 198 171 205 45 202 38 203 54 188 176 180 204 215 227 233 93 98 214 222 223 229 101 218 85 211 79 90 104 240 83 210 230 71 235 238 105 96 220 84 217 91 236 102 208 81 231 237 241 111 110 267 131 256 121 116 118 251 124 125 248 255 254 132 136 247 264 257 114 130 259 266 253 126 265 107 274 133 263 
31 4 159 155 144 149 20 164 1 163 0 23 167 147 154 3 157 18 15 22 170 8 148 165 17 29 151 26 158 138 152 150 2 7 199 203 48 205 37 67 34 191 181 190 70 206 187 189 198 195 65 62 54 35 64 36 60 46 175 61 69 197 45 176 192 173 55 52 59 42 204 90 236 74 104 215 213 244 219 101 96 83 211 217 227 94 231 240 81 80 75 99 238 77 214 234 222 72 103 237 98 87 230 76 100 86 220 254 265 133 246 111 112 264 273 261 129 262 270 109 250 249 259 125 123 128 120 247 110 113 117 258 121 255 260 132 136 
153 158 29 8 166 150 1 12 162 16 163 160 157 32 165 15 152 164 13 143 148 33 149 19 20 151 6 9 154 142 28 0 169 10 198 173 39 183 193 184 57 180 195 196 205 47 42 45 177 192 187 207 66 36 62 54 44 197 176 182 37 34 200 203 181 69 56 204 35 199 186 83 79 86 221 77 210 224 230 211 227 95 243 80 99 236 82 103 87 98 217 71 216 104 219 91 73 218 78 76 234 96 92 232 105 226 222 124 246 264 108 268 267 136 134 111 259 252 263 120 250 127 125 132 254 110 126 114 113 119 249 133 117 112 257 115 271 
27 28 26 170 157 159 163 161 4 151 5 17 18 9 12 15 144 1 146 160 140 152 158 169 167 13 149 8 153 19 143 138 141 6 197 189 60 182 177 192 176 188 201 184 37 70 183 36 205 62 178 34 49 175 171 203 64 181 204 194 39 42 52 46 51 35 56 65 68 63 38 79 77 84 223 92 243 82 227 73 236 233 88 83 228 226 78 217 85 93 229 215 214 244 242 234 89 210 208 76 216 224 98 218 100 81 102 132 273 116 262 124 107 268 272 125 261 130 135 265 253 251 259 246 133 128 127 248 115 257 267 119 111 256 114 113 136 
149 6 164 12 31 26 142 30 139 162 160 5 158 170 157 151 17 20 159 140 163 24 161 152 29 166 16 141 148 143 9 33 153 155 69 188 54 181 190 42 41 53 52 173 182 202 198 171 176 183 65 68 60 59 180 38 175 58 47 40 205 193 206 39 49 207 55 37 196 62 48 103 72 238 87 102 95 239 234 240 88 78 225 83 76 104 233 91 215 86 105 214 242 75 82 84 90 213 209 106 85 221 80 223 100 211 98 112 257 262 119 123 107 248 247 135 109 115 111 272 128 121 249 108 264 265 116 122 258 266 250 125 129 261 267 245 136 
153 21 139 3 168 146 151 20 8 162 158 7 18 166 141 138 11 30 26 31 24 27 164 142 15 154 29 10 149 33 165 163 4 6 55 37 193 180 39 205 203 54 50 57 63 68 187 194 52 43 176 192 190 48 198 207 70 40 35 53 51 202 185 206 60 62 181 197 184 171 42 236 79 241 94 228 105 77 223 244 229 80 91 74 101 83 87 85 73 96 218 72 221 232 235 230 82 219 227 97 89 222 86 226 103 239 216 132 126 272 267 125 268 253 130 131 254 114 273 115 251 263 255 271 109 108 270 247 112 256 269 107 123 248 257 117 129 
11 170 149 169 156 22 30 145 151 140 2 12 152 5 165 3 147 168 16 14 7 19 33 163 18 25 166 20 1 139 17 153 28 157 207 52 62 66 68 199 203 193 36 174 61 205 194 34 43 60 200 198 178 191 182 186 187 35 181 175 180 37 190 42 201 48 184 53 192 46 204 219 220 105 237 216 95 229 83 96 88 104 240 222 212 209 74 94 101 73 243 217 99 85 77 87 210 84 230 86 223 106 228 102 103 81 213 260 124 111 258 122 121 132 120 135 247 115 253 116 263 267 126 254 270 268 252 245 262 269 248 249 128 107 271 108 110 
142 168 4 137 25 6 169 27 151 23 146 150 29 11 10 140 139 167 3 32 162 21 143 8 24 152 161 19 15 160 12 28 156 2 66 45 70 180 53 198 193 205 54 179 40 181 56 204 61 36 186 176 34 182 200 184 177 202 195 38 51 178 44 189 62 197 55 183 63 206 52 216 223 100 211 97 92 83 215 94 93 226 89 76 71 236 99 96 77 84 239 210 242 238 227 225 102 209 80 224 75 106 243 235 72 90 230 113 247 262 132 131 130 264 250 120 134 258 273 266 112 268 259 114 128 263 121 245 246 253 265 254 122 257 125 127 251 
139 7 144 24 17 20 146 157 138 137 11 25 170 27 32 5 153 162 0 166 140 19 2 9 29 26 147 33 3 152 30 31 142 6 187 64 175 201 56 177 48 51 205 69 183 41 47 200 204 185 70 178 196 190 37 192 45 42 52 199 189 203 65 40 202 44 198 193 58 173 46 214 221 74 90 244 76 92 73 234 209 91 83 87 71 222 243 94 218 81 226 211 225 88 101 229 84 237 213 230 228 75 215 78 72 233 77 130 273 123 266 107 269 131 252 258 257 268 125 120 264 271 246 116 121 262 113 110 115 272 112 274 267 255 256 111 124 
141 15 9 8 1 162 167 140 165 10 32 12 157 168 137 156 31 21 154 23 150 144 29 17 13 147 138 5 16 139 170 30 18 160 173 186 191 178 177 185 35 171 64 51 36 63 187 48 176 60 193 174 201 38 205 43 196 206 42 37 46 57 44 45 40 62 179 50 190 53 188 240 89 235 219 88 96 210 103 94 217 74 230 81 92 224 102 225 83 77 90 234 71 211 242 237 228 95 99 216 229 223 101 226 75 72 78 132 246 135 124 256 272 134 130 122 254 267 251 247 265 115 245 113 270 114 120 261 116 274 249 250 248 136 259 110 117 
167 20 19 32 33 141 155 11 165 156 166 157 18 2 9 161 14 152 7 154 12 158 22 0 16 146 29 169 137 31 24 139 160 5 41 188 180 179 50 49 36 182 39 202 34 207 195 63 199 186 40 174 61 48 35 38 66 203 196 183 58 191 67 45 62 57 54 51 194 60 175 219 77 92 236 231 80 102 214 91 100 232 90 76 242 89 243 208 88 233 79 222 106 104 234 73 98 227 81 105 71 85 218 241 72 238 84 263 257 108 259 123 253 268 118 107 272 265 121 109 120 255 132 271 111 131 117 127 254 266 135 248 245 264 116 122 249 
137 140 149 166 142 18 4 7 153 22 9 156 25 160 164 154 148 27 13 150 169 31 162 8 21 29 157 3 151 20 158 24 5 159 50 47 45 39 70 195 193 190 59 62 203 67 171 56 61 34 206 43 201 199 202 175 178 204 58 207 179 48 51 64 205 44 54 55 192 184 60 242 234 74 209 84 238 237 78 239 100 217 231 80 226 92 220 95 213 86 235 214 77 73 230 88 244 98 81 93 243 225 227 215 75 102 211 257 113 259 252 125 136 110 128 116 111 109 134 114 121 250 253 108 272 130 112 271 135 256 131 247 245 123 268 120 126 
0 6 3 150 1 22 153 26 146 156 152 158 15 24 138 2 139 31 151 10 20 21 147 8 143 4 141 170 28 32 33 27 160 5 204 34 201 61 203 64 175 60 171 207 172 67 56 196 48 173 39 174 40 192 185 57 191 183 179 62 198 189 52 44 177 184 55 35 180 53 69 214 220 78 72 95 91 235 221 84 212 211 231 244 83 224 101 100 219 103 105 99 234 217 223 93 236 102 208 86 216 233 229 94 218 76 232 267 129 127 114 272 122 247 113 248 130 266 263 121 264 268 128 110 108 107 132 115 118 252 134 250 116 261 270 259 274 
138 17 137 152 28 32 166 24 168 9 27 148 163 10 7 165 3 31 156 153 161 21 19 169 11 18 8 5 13 140 29 26 155 162 185 44 189 60 176 49 70 187 37 173 42 61 195 186 57 196 177 34 200 54 192 174 184 36 51 202 172 188 52 205 53 194 56 175 35 180 48 232 225 74 104 96 73 218 209 80 221 98 94 240 233 242 79 85 235 217 234 87 89 97 228 215 216 77 81 86 75 227 95 243 238 84 224 257 114 249 113 121 262 126 263 253 108 130 111 268 271 272 254 256 247 112 127 132 252 125 245 131 246 267 251 260 250 
170 7 32 9 28 27 137 140 26 142 158 153 155 31 11 169 15 144 17 143 168 146 8 23 159 13 22 167 152 30 29 145 161 5 195 61 177 69 176 49 36 198 34 191 39 188 42 202 183 186 205 189 203 175 200 67 54 66 60 57 171 181 206 190 44 196 207 48 204 37 185 98 77 102 78 217 100 72 90 225 104 84 81 237 82 95 76 223 80 74 210 235 227 88 106 228 99 231 211 103 244 215 209 212 224 232 213 120 267 258 121 127 123 125 255 250 129 263 109 124 110 257 135 252 251 112 247 272 122 132 128 269 107 266 245 115 270 
143 30 19 2 151 33 163 167 153 140 148 26 8 6 5 149 156 155 152 23 25 170 161 7 168 3 145 15 169 16 24 20 157 160 48 68 62 188 37 51 36 46 54 194 176 63 35 184 198 171 186 58 172 50 183 34 200 192 41 178 180 39 59 70 66 53 177 52 56 185 191 229 231 99 232 80 90 77 76 226 210 87 102 239 241 82 72 243 238 96 91 227 234 84 97 75 236 220 83 71 237 94 104 100 242 79 74 136 113 114 250 266 110 125 267 111 132 116 258 131 274 268 249 118 128 117 123 108 124 134 257 120 273 248 251 254 255 
145 9 19 160 16 144 166 20 22 161 150 0 30 138 6 155 159 27 21 165 26 24 137 7 1 163 149 18 139 170 12 23 15 142 201 39 41 203 171 44 191 187 172 64 202 68 50 43 189 196 185 63 180 45 49 194 179 58 182 178 46 57 175 193 200 177 181 198 173 195 54 99 239 85 208 104 74 215 235 244 91 232 227 223 233 75 211 84 231 221 83 88 106 226 229 78 101 243 240 237 224 90 81 218 242 217 212 107 270 258 249 267 129 120 116 115 132 254 251 256 269 265 111 268 112 133 131 135 266 274 272 126 248 255 271 273 260 
18 13 139 0 9 12 16 164 19 2 147 144 141 7 150 151 165 166 10 20 11 163 158 15 170 25 30 28 160 3 152 22 154 1 204 199 174 186 197 173 54 65 69 182 171 177 52 198 57 66 181 50 35 178 176 40 47 190 61 192 184 37 179 183 64 48 55 180 203 185 206 90 94 84 103 101 244 242 218 102 74 79 76 221 224 99 223 209 100 78 105 208 225 93 213 95 81 97 82 211 96 240 231 228 106 85 238 249 119 266 131 252 127 273 267 245 262 125 115 274 126 118 250 109 255 260 271 116 121 247 268 108 253 251 120 117 133 
10 13 159 30 146 167 151 3 143 168 23 7 154 12 145 26 28 21 170 11 32 33 1 25 9 141 161 147 162 155 144 17 2 4 63 52 185 38 188 178 42 186 58 182 191 69 180 39 172 41 45 53 198 173 47 35 64 187 67 207 196 183 59 203 206 201 176 37 195 202 193 228 72 232 242 85 98 209 240 244 235 80 215 90 93 75 211 81 239 73 221 237 234 225 224 226 241 208 218 230 217 100 104 87 210 231 78 250 130 251 117 254 110 132 113 271 247 133 118 269 273 123 134 246 274 125 260 116 272 128 136 264 109 135 108 267 119 
1 2 28 153 18 31 154 0 163 9 146 166 138 5 30 164 11 22 17 168 147 139 157 148 14 10 33 15 32 140 145 160 144 158 185 40 179 193 36 48 51 189 42 206 60 195 172 50 174 66 200 63 39 55 69 192 56 205 52 183 207 57 59 41 180 196 54 176 58 186 53 104 242 228 216 75 220 101 88 239 96 81 90 93 82 210 74 236 95 87 76 219 223 208 209 100 99 102 217 233 86 71 234 83 72 211 215 122 123 269 124 127 107 247 109 117 130 253 108 262 134 263 267 272 274 251 135 113 125 261 270 133 257 258 114 249 250 
