-1 -1 -1 -1 -1 -1 -1 -1 -1 -1 -1 -1 -1 -1 -1 -1 -1 -1 -1 -1 -1 -1 -1 -1 -1 -1 -1 -1 -1 -1 
267 132 85 136 86 182 30 289 187 199 0 29 38 228 245 292 180 95 71 9 279 215 59 253 76 263 120 255 246 14 
224 159 121 24 45 195 256 25 65 223 94 245 201 175 6 87 262 50 285 95 23 274 119 46 37 272 81 168 111 61 
74 75 237 157 132 187 52 31 223 190 140 291 33 147 99 285 84 7 225 192 234 113 171 16 241 158 118 271 40 93 
128 224 141 170 13 25 68 145 269 167 6 294 251 140 259 97 260 53 152 124 213 16 258 234 58 268 249 14 203 55 
100 56 206 166 284 187 189 52 252 1 191 204 238 107 245 95 281 192 188 97 127 32 92 282 83 168 111 19 276 96 
56 162 22 74 77 289 202 102 20 65 129 291 140 251 175 262 295 225 84 260 119 234 91 76 221 93 161 82 120 78 
230 75 162 80 267 68 63 195 186 205 140 294 288 275 204 4 116 192 95 51 127 297 171 92 42 69 164 111 208 120 
86 22 100 185 284 36 252 240 286 65 125 175 94 151 193 117 285 116 152 84 171 37 16 234 26 96 161 111 246 41 
86 12 114 85 159 150 181 145 187 247 47 211 99 94 238 95 72 173 209 192 143 215 179 44 148 273 255 276 90 142 
100 17 165 108 136 187 31 1 265 199 291 125 140 211 275 244 7 173 28 134 279 18 137 91 282 149 271 243 69 111 
144 230 22 133 49 150 247 256 257 182 219 0 89 184 214 64 296 290 106 295 213 137 59 58 253 273 111 276 208 246 
162 66 136 220 121 212 199 63 236 265 245 99 251 219 259 177 124 292 296 64 143 39 16 109 126 81 111 293 130 82 
237 104 133 66 103 48 202 236 145 232 125 105 294 129 198 84 95 262 192 51 179 92 119 126 213 183 21 82 272 111 
165 267 144 62 17 11 289 235 63 20 89 280 6 163 129 262 2 51 134 64 109 83 148 42 26 264 273 61 142 34 
229 220 85 166 284 195 240 194 269 63 193 8 38 251 105 266 152 2 285 270 119 16 76 98 241 168 112 19 5 272 
162 141 103 157 230 195 232 52 67 287 191 122 163 0 151 233 84 4 173 290 169 23 297 200 58 19 255 96 55 276 
56 13 86 144 62 247 186 145 1 30 228 47 245 294 222 197 160 152 209 196 110 154 137 23 32 218 248 43 112 14 
157 80 267 227 74 207 256 257 68 232 6 174 259 291 222 88 244 254 160 116 239 110 253 279 42 61 272 271 78 19 
185 166 172 170 298 63 190 189 150 36 94 129 6 291 99 180 134 260 84 266 23 213 200 274 110 131 90 161 272 69 
166 121 132 227 114 182 269 31 1 138 155 219 122 125 0 51 270 124 9 281 179 221 156 59 109 255 268 19 115 203 
100 166 284 132 237 257 48 68 65 146 151 175 228 35 280 134 197 51 254 192 18 10 79 253 274 293 273 139 203 164 
62 267 206 217 85 269 138 167 15 25 0 140 105 280 294 88 117 87 260 72 239 32 16 154 297 273 90 249 264 149 
45 133 224 121 56 63 256 194 30 178 89 275 38 222 94 277 244 180 134 266 39 60 79 169 16 81 246 208 149 243 
114 104 267 103 210 287 247 146 15 145 153 129 101 238 222 95 84 296 177 173 26 44 234 32 39 130 249 158 161 142 
170 100 128 206 144 199 257 190 194 31 294 176 201 163 33 72 51 266 295 177 297 46 169 148 126 131 293 34 96 218 
121 114 136 237 77 240 207 48 212 68 8 288 3 123 105 283 64 254 270 242 59 32 98 297 213 255 271 142 43 218 
75 49 24 86 210 187 257 181 189 216 140 176 155 288 29 242 28 262 270 281 253 10 54 16 135 21 248 41 208 81 
86 237 230 185 22 195 11 1 223 187 228 0 129 201 211 225 295 117 72 192 279 253 23 109 16 293 268 90 208 40 
206 100 237 210 85 232 257 256 223 11 122 184 140 191 175 117 188 53 283 152 18 135 16 200 79 55 243 263 273 81 
