-1 -1 -1 -1 -1 -1 -1 -1 -1 -1 -1 -1 -1 -1 -1 -1 -1 -1 -1 -1 -1 -1 -1 -1 -1 -1 -1 -1 -1 -1 -1 -1 -1 -1 -1 -1 -1 -1 -1 -1 -1 -1 -1 -1 -1 -1 -1 -1 -1 -1 -1 -1 -1 -1 -1 -1 -1 -1 -1 -1 -1 -1 -1 -1 -1 -1 -1 -1 -1 -1 -1 -1 -1 -1 -1 -1 -1 -1 -1 -1 -1 -1 -1 -1 -1 -1 -1 -1 -1 -1 -1 -1 -1 -1 -1 -1 -1 -1 -1 -1 -1 -1 -1 -1 -1 -1 -1 -1 -1 -1 -1 -1 -1 -1 -1 -1 -1 -1 -1 -1 -1 -1 -1 -1 -1 -1 -1 -1 -1 -1 -1 -1 -1 -1 -1 -1 -1 -1 -1 -1 -1 -1 -1 -1 -1 -1 -1 -1 -1 -1 
183 275 770 344 583 130 432 777 414 529 37 250 582 623 848 523 741 935 139 207 52 402 23 546 810 685 498 354 345 268 815 262 520 134 772 708 67 651 667 939 631 263 454 5 439 76 618 563 293 817 571 794 654 406 782 14 51 70 40 232 718 166 904 599 443 624 671 448 242 906 200 259 145 744 481 926 484 150 784 308 444 11 310 910 190 969 995 532 993 487 811 174 461 147 762 376 942 911 369 665 466 813 619 222 307 960 423 531 558 257 908 29 857 542 530 630 87 538 742 288 953 999 241 226 865 613 706 735 234 845 445 413 514 74 752 426 17 365 968 987 870 66 119 9 96 112 819 573 924 359 
157 455 612 165 189 805 645 802 824 37 372 686 567 839 207 52 23 550 475 636 850 8 171 431 485 647 285 853 282 313 268 759 549 267 578 129 928 224 821 59 98 91 692 215 789 679 740 712 362 177 561 730 566 128 540 62 763 681 342 718 851 852 580 734 495 366 231 609 460 758 895 590 491 786 787 277 826 30 595 108 150 308 155 910 932 553 196 982 572 141 435 404 451 704 147 3 700 453 893 437 813 707 336 89 478 584 960 395 750 954 113 857 400 530 840 865 981 24 241 7 87 105 45 876 630 383 434 99 927 970 818 445 249 17 622 291 846 823 968 397 272 359 442 35 987 9 256 477 573 560 
645 189 75 802 798 698 805 699 686 250 541 25 16 989 247 475 492 171 34 534 373 523 86 502 61 867 642 309 768 815 351 317 631 578 98 120 821 10 483 267 520 439 215 504 714 493 47 356 773 634 682 535 206 342 233 473 62 681 136 505 851 69 827 366 580 852 116 6 959 909 491 501 281 844 997 719 589 108 914 731 310 355 765 30 58 212 326 18 305 705 31 367 461 303 693 147 364 737 522 476 956 437 506 218 751 905 531 881 723 464 400 781 857 720 799 24 288 7 538 457 888 137 2 648 981 297 161 587 591 676 333 160 838 253 600 823 238 55 622 948 131 573 785 987 122 112 924 819 343 332 
802 725 20 152 73 699 245 674 592 626 25 774 503 248 492 666 975 402 585 440 935 247 373 300 608 675 597 338 223 282 43 13 940 352 753 98 569 271 341 95 287 47 454 489 692 91 76 604 327 178 535 561 283 405 469 566 441 14 342 593 921 547 239 228 366 443 609 463 897 294 755 236 671 719 361 121 860 108 205 261 151 163 914 936 411 574 553 677 646 601 4 147 871 780 791 450 522 466 125 106 911 893 641 456 347 63 905 370 257 180 330 210 638 986 172 45 255 972 7 87 496 742 630 854 901 739 672 153 515 160 568 295 430 371 557 85 622 426 912 442 192 119 343 122 596 965 668 785 359 864 
455 15 446 165 974 189 432 698 686 623 140 25 539 626 41 741 23 492 680 975 717 8 850 867 675 581 498 354 223 13 262 606 267 10 708 175 302 352 520 883 341 536 692 896 504 771 955 193 293 315 107 535 566 40 405 283 884 14 517 814 230 637 580 94 123 866 671 897 391 761 906 281 101 474 589 629 926 53 784 11 801 108 150 936 151 229 601 872 894 212 791 871 527 404 299 80 453 339 733 424 911 49 336 842 438 750 905 12 584 598 840 745 720 542 330 901 2 526 630 509 627 793 690 878 981 161 110 363 79 418 430 812 797 55 958 36 846 48 468 668 211 332 419 112 397 9 996 924 35 102 
559 920 612 892 980 78 760 777 248 567 170 592 227 861 975 983 373 8 848 168 475 534 575 521 186 875 381 317 316 880 863 338 510 569 939 520 883 341 928 651 940 215 858 263 618 679 896 407 800 634 385 107 654 233 62 782 441 401 128 467 775 728 265 199 93 479 761 391 895 417 231 145 274 474 486 484 46 53 784 964 11 155 30 151 190 229 553 574 196 649 375 127 527 693 147 404 729 437 453 522 820 424 862 403 251 584 847 881 257 598 133 943 944 311 986 657 105 977 390 255 938 828 241 999 528 556 79 808 587 673 988 767 398 468 365 846 823 214 426 195 868 66 948 102 736 477 419 272 397 65 
20 725 798 770 318 612 245 974 774 764 503 689 140 592 492 52 402 331 550 373 8 440 975 875 186 703 608 768 697 890 452 43 578 287 98 129 67 520 708 776 939 771 713 493 167 138 679 604 379 571 792 903 754 342 290 763 544 14 346 511 886 384 443 366 580 547 231 906 895 242 428 992 274 361 826 997 922 957 163 325 22 389 576 910 155 487 649 995 18 82 375 704 376 367 607 461 733 106 424 665 364 737 26 687 89 923 63 905 482 847 616 943 799 113 586 888 793 938 551 45 828 458 526 648 24 971 153 234 297 430 806 673 169 365 823 912 900 752 371 192 102 332 477 119 907 211 668 273 66 122 
157 980 559 892 33 920 165 760 623 989 861 567 117 529 575 421 975 207 848 247 983 52 41 807 647 703 502 266 268 890 768 880 821 179 640 940 520 98 120 939 134 955 270 334 714 771 489 350 716 887 107 459 441 51 128 681 401 233 206 775 783 866 495 580 228 499 231 236 635 501 388 758 761 874 610 632 589 11 144 163 53 155 261 382 58 141 947 601 149 543 127 450 328 375 527 429 433 942 737 588 369 893 387 307 478 392 723 377 423 512 986 840 542 400 882 742 833 255 888 972 551 137 999 690 630 927 991 672 153 142 169 430 209 314 846 600 426 832 214 374 359 119 948 419 870 65 394 296 273 596 
998 699 446 75 183 275 559 189 686 156 950 372 516 541 534 935 680 207 34 550 421 41 139 615 337 875 320 890 282 853 244 697 640 753 883 10 772 287 134 352 129 47 679 692 188 536 109 348 712 425 571 304 283 884 834 544 469 14 128 562 511 918 479 237 39 580 6 609 145 274 671 761 738 554 997 644 860 444 765 964 932 190 936 957 310 872 947 969 305 82 367 691 780 435 174 127 737 472 956 106 729 447 222 347 336 750 280 923 377 709 72 586 831 720 917 255 981 657 938 742 226 994 977 901 324 556 297 153 628 988 845 146 321 900 314 600 36 823 832 596 868 965 211 668 948 560 195 122 394 192 
656 75 559 292 318 777 185 432 684 567 582 689 503 81 741 86 848 701 402 168 850 97 680 685 642 104 533 815 268 43 658 853 287 120 776 651 520 341 578 939 940 913 76 188 5 789 740 19 348 634 817 357 283 654 566 136 213 544 517 898 921 825 570 199 39 443 221 463 417 906 855 57 635 719 361 644 554 595 22 932 444 42 957 936 205 872 993 602 487 196 375 80 555 471 871 607 447 339 476 942 124 49 978 203 946 280 21 482 512 633 173 943 831 743 311 793 241 226 509 865 288 1 795 999 648 919 628 816 706 335 838 146 160 314 365 371 752 426 823 596 987 359 477 122 211 65 119 668 394 819 
698 130 185 798 974 777 183 20 248 626 963 539 264 689 247 373 575 23 97 114 666 848 492 916 779 349 485 658 393 880 317 223 179 939 569 267 95 510 483 940 341 679 692 789 913 167 536 800 712 561 730 887 540 754 206 782 473 884 40 775 260 239 237 904 513 605 738 417 246 231 101 221 501 111 484 922 644 932 310 30 151 11 801 325 757 216 649 969 601 18 435 174 973 462 451 780 835 911 813 733 707 893 978 478 387 847 558 633 879 954 0 986 882 173 917 809 390 938 252 137 324 803 87 901 981 515 991 746 672 877 797 970 142 36 74 55 269 181 17 948 736 668 35 560 864 870 477 924 374 96 
185 725 318 980 892 920 446 15 626 258 529 686 140 764 975 34 550 585 680 97 373 741 331 337 837 581 349 880 313 393 853 316 179 520 928 352 939 772 830 510 640 439 740 789 714 215 270 348 976 178 634 535 884 782 62 136 283 473 540 260 921 219 822 265 715 849 491 855 738 148 231 6 897 121 663 617 481 11 108 308 30 382 355 576 150 289 947 543 532 602 127 80 147 461 555 3 665 437 893 472 466 124 251 438 26 558 482 531 392 723 908 643 72 422 113 509 551 865 803 999 690 324 828 226 457 591 933 515 99 249 902 184 209 490 291 181 426 17 823 273 477 9 211 296 442 66 987 868 924 374 
612 980 805 88 920 583 245 507 764 516 824 410 582 592 488 373 86 247 534 585 23 97 440 804 349 979 285 43 309 354 768 697 883 631 939 667 129 510 10 67 287 692 188 771 740 5 713 747 773 103 358 561 405 763 884 540 128 654 290 783 412 866 166 728 852 822 897 937 391 635 259 934 274 111 470 361 632 932 308 964 151 801 444 389 150 212 532 82 995 621 174 4 462 762 367 973 869 665 942 729 437 447 641 336 222 392 709 881 21 633 986 908 745 882 840 526 828 457 854 509 648 793 795 390 2 706 434 650 613 209 988 194 797 181 291 846 900 36 968 211 374 256 192 987 273 924 477 112 907 948 
559 612 88 446 798 698 699 432 258 516 156 764 721 950 975 666 114 680 488 373 983 492 741 804 285 186 61 815 452 243 262 92 883 578 631 98 510 483 50 732 830 138 5 334 858 930 913 800 379 304 315 254 213 654 346 884 441 405 834 783 695 822 123 734 547 904 635 959 501 909 758 231 56 135 159 719 217 42 389 261 964 163 150 30 310 229 574 611 289 625 704 158 762 603 4 127 447 364 893 956 662 522 408 899 336 709 723 115 531 482 882 172 400 688 133 87 416 967 226 876 977 2 972 803 551 587 670 99 312 877 398 298 126 238 214 557 600 846 594 256 870 195 131 394 374 66 35 907 819 359 
770 805 656 699 974 189 446 998 689 156 721 567 240 25 86 701 421 680 636 34 114 666 207 201 597 796 521 815 452 658 853 697 341 732 928 940 753 175 772 708 883 714 789 306 215 167 913 407 327 385 794 425 206 62 754 834 473 213 579 511 230 301 219 94 499 39 635 388 274 236 399 761 200 844 217 926 719 205 310 801 932 30 151 355 444 229 64 326 572 278 471 299 147 276 527 519 790 662 106 437 835 453 788 619 336 750 21 584 482 954 917 720 799 781 831 953 288 630 901 252 972 137 938 742 876 71 587 735 434 142 126 430 335 600 48 162 912 823 365 736 65 948 965 112 397 870 819 907 668 296 
189 245 725 798 15 805 292 998 539 227 264 248 81 623 585 402 488 373 440 97 534 34 848 979 647 875 220 268 338 890 815 452 578 95 883 67 287 134 651 939 940 91 618 858 439 679 930 356 19 304 177 254 360 406 128 441 579 566 283 230 898 301 286 904 547 918 491 101 992 57 6 242 274 826 197 217 663 957 205 308 765 22 841 42 382 420 149 196 945 216 693 951 367 376 471 158 522 700 106 466 437 369 978 506 218 257 377 879 180 598 173 524 944 840 172 380 255 509 865 45 2 87 252 854 793 99 587 735 613 676 169 445 818 371 365 36 85 253 181 819 987 112 66 924 192 668 996 596 332 560 
157 645 974 20 892 507 165 130 140 839 264 592 686 824 492 975 585 331 850 666 373 171 247 485 378 396 518 351 452 223 317 614 569 772 224 821 631 59 940 667 352 215 454 536 5 955 714 966 800 843 154 887 834 40 401 290 283 213 517 886 545 605 265 866 366 624 897 294 590 417 609 671 236 786 787 826 922 957 11 784 355 151 310 150 58 487 677 649 993 278 462 435 299 555 471 429 733 339 737 476 820 942 619 26 664 12 257 386 564 464 944 72 542 616 400 324 648 878 84 967 551 457 380 137 528 628 234 110 515 194 295 902 430 238 314 622 48 253 832 65 819 573 272 868 374 66 192 131 273 442 
78 698 15 189 920 777 974 318 541 250 721 140 227 824 701 848 534 975 494 488 34 247 550 796 337 779 837 266 182 711 243 880 179 940 520 830 631 95 287 120 175 76 692 740 536 215 508 931 497 177 284 103 884 441 290 206 128 473 654 412 695 715 495 228 123 166 710 855 116 236 934 460 294 486 663 470 554 389 382 411 936 30 144 910 150 64 543 621 945 982 607 450 462 603 471 328 124 662 665 588 835 132 222 478 403 723 889 905 392 464 831 330 400 29 745 324 551 795 526 241 45 457 833 938 496 706 383 919 927 430 676 767 988 74 48 415 85 752 291 211 864 102 119 819 596 192 948 122 924 35 
292 805 770 656 15 892 798 699 117 372 516 410 250 541 680 494 440 534 207 850 550 171 666 521 518 581 431 244 768 890 282 393 341 179 732 631 939 753 352 10 120 306 5 771 930 76 439 931 748 655 154 792 14 401 566 754 342 517 128 176 44 849 237 866 904 918 259 388 671 635 897 274 491 997 277 111 826 261 765 325 355 163 155 151 731 487 646 18 572 947 871 31 435 603 276 3 339 472 106 125 453 707 222 978 251 370 423 750 386 115 638 831 943 29 173 2 496 627 538 999 1 972 457 551 416 434 153 79 587 941 961 169 949 314 85 238 36 253 832 394 273 419 211 948 996 192 736 397 573 256 
292 75 656 33 770 157 645 185 774 140 541 258 592 963 34 440 492 97 247 8 935 139 523 703 647 875 642 309 198 863 853 43 271 67 667 95 520 179 224 753 821 47 858 504 138 548 740 356 329 178 792 358 346 283 206 406 213 834 40 562 921 825 513 166 547 852 909 101 463 609 934 635 221 610 589 617 786 957 11 932 801 731 576 355 310 646 572 64 602 278 147 303 951 376 471 404 339 437 835 49 472 466 702 403 438 960 598 257 879 83 422 400 943 724 688 255 828 1 793 538 509 803 953 967 288 769 746 279 808 673 126 142 836 958 181 36 162 74 900 394 96 736 102 477 192 65 211 573 195 112 
777 165 507 699 798 432 656 185 81 16 156 592 582 839 373 86 168 494 402 636 850 717 492 60 502 396 675 198 768 351 182 309 549 578 10 67 830 667 287 59 569 489 263 536 858 913 270 604 407 154 655 571 544 62 469 681 290 360 517 525 898 728 199 495 605 547 231 417 710 758 635 992 391 474 766 787 844 11 163 936 150 595 765 914 310 196 216 543 621 872 375 462 4 435 951 376 208 476 911 729 835 737 641 353 687 395 881 280 180 63 542 191 799 917 330 32 809 288 690 972 45 380 551 509 496 279 110 735 434 676 767 321 398 832 958 85 48 912 594 397 66 119 131 596 996 96 272 864 965 394 
698 777 656 725 645 980 318 152 16 414 117 140 567 764 247 550 680 975 475 168 331 373 23 615 502 300 498 223 658 13 815 606 352 708 120 776 667 549 341 631 67 789 896 930 536 639 714 19 976 154 817 103 469 40 884 406 213 62 579 505 260 265 825 728 94 219 388 417 281 259 891 710 200 484 856 470 844 30 731 784 144 957 308 757 58 993 646 212 305 705 461 367 303 429 555 693 364 132 106 49 869 665 100 26 251 598 395 531 881 12 745 882 720 0 986 226 977 878 972 901 876 538 953 938 84 991 279 628 71 321 413 673 676 36 269 557 238 415 371 668 573 870 192 143 868 66 736 987 273 343 
130 189 455 798 344 559 674 446 963 16 950 248 686 989 8 52 523 701 331 680 114 139 488 685 675 27 647 606 890 262 223 990 98 179 520 667 772 549 776 651 510 771 713 91 548 334 306 859 726 340 323 794 283 290 233 406 566 540 405 886 505 722 513 904 637 237 259 236 6 710 448 388 671 235 159 470 844 30 910 150 155 784 11 261 595 621 646 141 625 872 80 3 435 31 780 276 729 522 369 208 733 662 438 664 403 12 709 377 83 280 724 311 113 873 943 87 84 888 105 809 7 999 509 854 994 515 769 613 735 146 836 184 806 36 314 253 238 968 468 131 965 668 477 359 143 192 332 394 343 419 
725 33 73 645 344 245 802 292 37 774 156 567 529 989 585 139 717 494 492 86 41 848 636 201 807 620 285 815 465 853 92 863 667 578 510 98 830 10 175 940 772 714 263 789 489 76 215 976 885 425 77 730 290 342 544 579 473 346 128 562 511 734 637 39 904 123 6 221 710 281 388 992 758 744 159 610 135 801 310 595 190 936 205 914 731 487 995 82 649 543 31 435 704 691 80 3 790 447 522 707 813 665 225 727 842 531 879 187 392 558 873 831 0 191 173 458 977 795 994 526 981 901 742 972 967 739 234 99 971 970 142 806 902 594 752 958 214 490 415 296 35 965 477 66 122 397 394 273 343 65 
275 805 318 322 446 189 777 78 623 258 582 156 37 516 523 171 52 850 440 741 636 975 717 27 867 804 581 262 393 282 309 351 179 175 753 129 59 483 352 50 267 713 489 109 454 714 47 19 747 357 792 315 782 290 834 401 213 566 346 921 718 69 384 728 715 984 590 221 391 755 738 491 148 484 197 46 589 42 765 11 936 731 576 30 58 326 278 532 141 149 299 376 3 158 691 450 893 437 737 369 820 447 89 751 653 960 115 905 558 564 857 530 944 422 191 526 854 981 416 793 288 380 888 137 496 515 735 919 927 676 321 430 184 36 74 468 55 214 365 736 560 192 987 122 119 870 272 907 397 273 
165 798 275 583 322 892 699 455 227 37 240 248 16 264 636 168 86 666 850 585 741 247 717 381 875 597 779 182 768 38 465 759 928 510 352 224 67 483 341 271 772 548 263 618 76 714 692 356 859 358 887 154 579 128 782 473 360 206 884 851 886 239 384 443 580 366 448 992 501 934 281 891 959 121 719 826 217 382 53 910 936 163 108 205 310 543 621 872 149 487 303 435 147 158 555 951 893 662 729 125 124 447 336 687 862 723 187 879 847 370 330 400 720 422 524 288 627 888 137 528 854 690 87 241 7 279 628 153 735 988 970 295 445 557 291 958 622 415 468 192 394 119 987 273 374 332 256 996 35 343 
777 656 185 507 165 157 15 802 410 623 264 764 824 774 34 475 494 52 139 97 534 741 171 500 620 581 502 317 697 268 43 393 578 569 224 928 631 772 352 120 134 896 536 188 138 109 504 966 293 459 794 103 206 681 754 763 517 136 401 778 90 495 827 94 443 822 116 231 897 934 246 937 101 997 678 46 629 765 22 355 261 42 914 957 151 305 625 945 993 572 519 158 871 367 527 435 522 447 956 125 911 729 100 915 788 392 377 564 83 923 0 944 943 133 530 803 967 457 137 795 528 526 977 972 938 577 613 153 279 949 249 902 661 253 823 314 557 912 968 394 668 596 256 868 907 273 374 96 864 131 
998 645 980 974 892 183 344 777 516 250 372 248 140 227 492 935 86 23 139 171 475 41 850 60 867 104 804 465 351 262 354 243 483 928 50 341 640 59 732 578 883 109 439 714 334 489 504 966 409 315 103 459 406 566 342 654 681 206 233 545 176 580 286 734 265 94 590 56 57 934 428 635 463 786 644 481 135 11 325 932 411 22 355 444 310 305 216 18 212 553 303 471 328 435 127 704 588 893 956 436 662 364 899 702 946 584 881 750 558 21 524 542 840 427 0 809 528 241 690 45 977 538 551 938 994 735 153 515 650 413 445 298 160 17 823 74 415 314 55 192 870 343 273 668 596 785 272 397 211 332 
88 20 322 980 152 33 725 798 248 686 170 963 592 516 139 575 86 550 41 373 741 207 534 546 615 875 60 262 863 853 38 711 59 640 569 776 510 940 821 928 520 930 167 789 548 714 215 748 293 817 178 340 40 654 469 782 473 70 401 775 511 734 825 822 570 866 906 992 537 937 428 671 934 632 856 361 481 144 150 576 936 308 151 11 765 982 969 216 278 677 871 276 691 429 811 951 700 453 869 476 588 942 702 225 751 423 905 881 960 847 542 422 831 743 113 288 878 967 977 901 252 496 793 390 551 650 79 933 71 970 321 797 877 371 85 622 468 162 958 192 374 996 343 736 819 9 296 477 256 864 
