-1 -1 -1 -1 -1 -1 -1 -1 -1 -1 -1 -1 -1 -1 -1 -1 -1 -1 -1 -1 -1 -1 -1 -1 -1 -1 -1 -1 -1 -1 -1 -1 -1 -1 -1 -1 -1 -1 -1 -1 -1 -1 -1 -1 -1 -1 -1 -1 -1 -1 -1 -1 -1 -1 -1 -1 -1 -1 -1 -1 -1 -1 -1 -1 -1 -1 -1 -1 -1 -1 -1 -1 -1 -1 -1 -1 -1 -1 -1 -1 -1 -1 -1 -1 -1 -1 -1 -1 -1 -1 -1 -1 -1 -1 -1 -1 -1 -1 -1 -1 -1 -1 -1 -1 -1 -1 -1 -1 -1 -1 -1 -1 -1 -1 -1 -1 -1 -1 -1 -1 -1 -1 -1 -1 -1 -1 -1 -1 -1 -1 -1 -1 -1 -1 -1 -1 -1 -1 -1 -1 -1 -1 -1 -1 -1 -1 -1 -1 -1 -1 -1 -1 -1 -1 -1 -1 -1 -1 -1 -1 
31 36 12 0 15 163 5 18 34 172 21 1 160 32 22 35 165 9 169 3 10 37 29 168 39 25 26 6 170 30 14 11 23 38 166 24 27 8 16 167 197 201 61 202 199 176 191 42 185 54 178 44 77 63 187 181 177 73 41 190 193 56 52 78 75 53 179 45 40 50 72 47 203 46 64 51 195 186 58 189 110 214 114 115 82 98 85 111 106 204 113 216 89 119 92 218 83 210 209 215 206 81 94 97 103 117 88 95 208 105 101 217 207 104 96 112 87 118 80 211 122 132 135 222 152 139 130 134 147 143 124 228 138 159 151 156 126 123 155 131 141 145 136 158 148 121 223 142 149 226 127 230 233 232 146 231 221 137 224 140 
3 5 167 162 18 166 165 1 169 11 24 29 36 161 164 171 20 32 26 10 27 13 163 19 12 172 17 38 168 170 31 173 9 8 21 2 25 7 160 34 50 48 175 200 64 178 174 63 56 62 183 192 44 75 201 190 43 189 199 176 51 77 185 54 61 58 179 67 60 69 203 65 52 66 70 193 180 182 74 196 107 102 80 91 90 215 116 97 95 204 113 112 216 211 98 105 115 218 88 208 110 109 83 209 100 114 86 96 118 206 210 99 81 213 103 84 207 111 104 214 134 125 145 140 123 127 147 120 228 233 157 151 156 141 152 153 143 146 124 224 142 144 128 139 135 231 129 219 126 225 148 121 159 229 158 133 154 155 130 227 
17 33 27 162 5 10 35 19 171 0 34 26 23 13 7 6 32 164 1 12 166 24 16 14 36 30 37 163 160 169 20 29 168 161 4 173 18 8 25 167 41 50 53 79 178 47 62 177 196 40 175 193 76 60 184 64 176 57 192 182 201 58 48 44 187 67 198 65 43 185 202 69 77 190 52 181 70 74 56 195 209 83 109 97 119 102 103 92 101 211 95 118 86 111 81 99 208 104 115 93 207 113 87 82 214 117 96 205 98 107 85 89 91 212 216 105 217 218 80 114 133 226 230 229 134 225 144 135 127 143 137 157 145 138 151 221 231 128 152 147 156 223 125 220 132 140 219 141 136 146 150 233 232 153 139 131 228 149 224 122 
27 29 32 23 172 162 161 30 21 165 170 166 1 12 173 160 13 35 38 168 20 4 31 164 28 15 24 9 16 19 167 0 171 37 18 10 6 25 36 2 42 58 52 202 184 68 59 43 201 60 193 72 189 69 195 190 76 48 200 192 56 44 187 196 63 50 183 51 199 73 198 61 197 178 57 66 182 181 203 64 111 204 117 207 89 205 107 119 99 110 102 214 103 93 217 213 90 98 81 109 108 85 100 101 82 215 106 94 212 114 116 112 115 206 113 105 211 87 84 96 224 141 122 153 159 126 219 158 140 154 130 220 148 125 124 133 127 152 132 138 222 145 120 233 121 129 137 230 149 135 151 226 146 128 229 231 155 232 228 143 
3 17 14 38 27 162 22 24 25 23 19 169 34 160 13 18 165 33 9 161 16 11 10 163 20 30 15 36 4 1 32 7 5 39 2 170 168 171 37 28 54 198 56 69 58 65 40 50 191 79 190 184 75 74 64 78 76 196 71 180 197 55 53 60 192 200 189 49 62 201 187 202 59 177 51 188 45 179 185 176 105 111 87 212 118 114 204 86 90 109 113 207 104 80 106 84 112 115 96 214 119 101 116 209 92 93 215 89 81 110 210 208 217 97 83 91 213 102 98 85 154 124 158 125 149 227 122 137 147 221 127 232 120 152 151 144 131 229 156 223 132 126 157 123 233 133 138 219 155 226 140 224 130 145 136 153 142 150 230 128 
31 11 38 1 167 15 166 22 39 10 5 24 33 16 21 36 160 28 34 37 23 14 2 8 35 30 17 170 4 172 13 171 164 19 3 162 20 173 6 29 71 76 183 48 78 196 64 62 180 44 181 55 73 194 193 192 187 41 69 49 74 176 42 186 54 60 45 201 191 189 177 51 174 188 46 56 182 59 68 67 117 83 80 111 87 104 93 113 100 82 211 108 212 96 85 214 105 218 215 89 204 213 106 101 217 91 115 110 118 90 109 206 205 209 216 98 99 95 94 119 143 226 145 222 152 140 141 121 159 147 123 224 135 127 146 137 154 122 150 148 233 138 132 149 230 227 221 129 153 133 130 157 225 223 120 220 142 131 136 219 
1 19 165 5 169 32 18 17 170 20 31 9 33 161 14 160 0 167 168 173 23 21 12 35 11 2 38 162 28 8 10 37 171 22 34 27 13 25 7 15 197 200 179 182 177 189 46 184 48 176 63 187 42 57 44 188 202 69 59 77 181 71 70 199 73 198 55 53 195 67 194 72 192 185 40 61 49 64 50 66 213 212 101 88 114 98 119 105 216 118 204 83 205 93 94 87 91 209 81 211 86 218 102 89 97 100 112 115 80 207 215 82 96 214 107 84 95 110 109 108 226 126 148 131 147 219 144 142 136 159 140 155 149 151 220 153 124 222 129 133 232 146 123 223 122 152 135 224 221 156 132 225 228 145 233 121 130 230 143 227 
171 21 162 37 1 32 2 34 169 13 35 4 17 25 38 33 14 172 12 8 31 7 170 11 9 23 24 167 5 30 165 39 160 10 0 164 168 163 18 173 203 59 190 175 195 188 198 177 182 54 43 70 75 47 77 41 67 74 53 179 187 200 71 76 56 52 65 184 192 78 186 48 79 62 189 69 183 66 178 199 95 87 97 116 101 107 117 100 96 106 114 118 99 208 103 80 216 209 102 218 104 210 93 85 94 213 205 88 105 204 92 98 211 81 112 84 108 109 113 214 159 148 154 131 157 140 219 144 158 126 233 229 130 136 221 123 133 129 220 224 127 227 151 226 137 143 228 139 232 150 231 146 152 120 153 128 121 132 156 138 
169 18 20 21 31 33 2 163 38 167 168 37 7 171 170 0 34 17 39 36 28 24 165 6 12 29 172 32 173 11 26 3 22 164 19 35 10 27 8 162 46 192 41 73 176 60 187 49 68 69 44 42 43 202 77 48 183 174 179 189 57 180 72 63 62 59 198 65 190 50 66 185 188 56 76 199 178 71 194 58 106 93 206 90 108 115 212 209 85 94 83 80 109 217 112 205 208 110 92 204 107 103 96 97 215 81 101 207 91 99 102 118 87 114 214 105 104 211 88 119 159 140 226 232 122 145 229 130 227 131 150 228 230 151 155 141 156 147 222 142 225 129 139 133 158 121 154 126 134 125 120 219 135 137 127 143 146 148 152 123 
165 24 32 36 38 25 7 3 167 23 12 8 4 11 160 163 35 22 162 17 31 16 21 20 28 18 29 6 172 34 2 14 10 5 33 169 30 26 173 161 74 195 60 197 186 203 65 57 187 185 73 190 199 183 180 181 63 55 192 42 61 78 76 51 69 188 46 191 201 47 52 70 193 41 68 75 194 49 79 62 115 92 82 103 118 119 105 91 102 211 208 218 110 80 95 215 81 107 101 99 94 96 216 93 116 108 113 206 104 207 109 214 90 98 89 112 100 117 84 114 152 140 137 150 125 123 228 134 224 135 154 225 143 122 129 158 148 227 155 120 130 147 221 127 151 136 139 159 231 146 142 222 149 128 156 220 230 233 153 229 
169 173 11 24 37 22 3 31 15 165 30 38 6 14 18 5 9 20 12 19 10 161 27 34 4 8 36 25 160 164 166 21 13 7 16 32 23 26 168 2 54 59 180 175 79 182 47 71 62 51 77 41 66 69 197 63 189 72 194 75 48 190 201 203 53 45 200 70 191 56 195 181 192 68 50 198 184 76 174 177 206 86 117 115 119 217 84 208 214 109 207 105 95 80 92 82 114 113 116 104 83 88 89 97 110 87 81 216 90 112 85 108 100 204 212 98 218 94 205 102 125 121 224 152 147 222 120 124 231 126 123 143 122 141 219 134 158 221 135 153 230 228 128 132 150 159 140 148 136 151 233 232 156 137 229 130 133 138 227 146 
173 33 8 13 19 39 6 34 32 26 29 5 10 161 27 160 7 17 37 4 11 9 14 23 2 3 36 25 164 170 162 169 165 22 18 21 12 172 0 15 76 78 45 189 42 177 51 44 188 190 48 47 193 202 57 199 46 195 61 198 175 41 72 67 49 74 191 194 63 203 75 66 64 71 54 201 192 56 58 197 106 209 108 214 114 87 217 88 115 111 82 102 92 206 83 97 207 210 89 80 90 113 85 110 107 84 118 116 86 204 208 91 81 101 99 98 109 119 103 93 137 134 124 153 221 136 149 144 225 142 224 139 140 233 148 129 121 227 147 159 141 138 229 152 127 131 150 155 135 230 157 125 122 156 143 154 226 130 123 126 
163 10 6 30 167 172 9 169 0 11 170 160 33 21 26 8 12 23 1 34 7 15 39 161 36 27 165 162 18 20 17 31 3 25 14 173 5 28 29 2 201 62 76 196 184 52 78 178 174 202 188 194 58 67 56 43 59 185 63 60 79 198 40 70 192 197 176 190 180 199 75 71 65 179 48 177 54 45 68 193 92 100 101 97 116 87 207 209 217 103 98 216 218 115 104 118 211 208 106 86 99 109 89 111 107 94 85 112 113 214 102 114 91 110 119 212 105 213 117 215 150 143 153 219 144 137 147 122 124 139 149 156 231 220 128 221 132 140 125 148 136 223 229 232 126 135 131 224 157 138 133 127 233 129 227 222 134 226 130 159 
160 21 20 3 4 7 173 26 172 31 169 164 13 38 161 22 6 165 34 167 24 19 163 1 35 37 170 0 17 30 23 10 36 16 15 166 25 171 9 162 60 200 193 74 47 198 70 179 46 66 62 76 68 45 196 201 75 50 73 54 77 64 191 181 65 184 202 72 67 58 41 79 63 49 180 42 59 61 56 175 95 81 87 105 84 98 208 119 96 106 86 103 118 82 80 93 112 114 216 104 113 107 213 116 89 90 111 215 217 83 109 212 97 205 88 209 117 214 102 108 230 146 140 127 154 121 129 223 126 224 130 143 219 157 229 134 222 125 138 232 220 228 136 233 132 231 128 155 144 122 124 153 152 226 159 141 133 142 120 148 
25 37 7 8 6 170 169 173 9 0 13 15 20 164 26 12 161 168 31 24 16 172 167 29 166 171 22 162 5 165 160 163 30 19 34 1 18 27 38 28 42 41 71 179 52 178 175 193 195 54 188 191 174 201 200 74 197 63 186 66 73 196 59 44 70 75 79 61 180 45 46 62 194 177 187 47 183 50 192 181 82 216 106 119 107 83 104 99 207 91 94 90 110 84 98 113 118 80 103 95 204 212 81 89 217 211 214 87 100 210 85 101 208 205 93 117 112 215 88 96 220 226 144 227 221 139 131 146 126 223 143 233 149 157 137 124 230 123 224 159 155 219 132 142 130 147 153 229 125 158 128 228 138 129 122 232 121 136 127 141 
12 168 1 30 9 38 10 19 18 26 7 169 165 6 5 36 4 28 17 162 13 14 32 173 27 170 22 34 35 16 37 33 160 161 24 0 23 25 31 21 182 70 197 190 178 79 193 47 50 67 58 192 55 78 186 74 185 191 46 44 54 53 65 41 195 199 174 71 48 184 59 63 187 60 76 42 198 75 62 177 98 106 212 216 109 99 205 94 95 119 207 90 104 80 214 82 102 217 88 113 110 209 81 87 92 215 85 211 204 83 91 114 112 103 107 105 218 108 117 208 158 130 123 155 138 231 154 146 131 220 132 124 152 222 228 135 229 147 125 144 137 226 223 140 224 142 145 120 139 157 153 149 122 233 225 232 148 127 126 230 
17 10 20 6 35 29 1 34 3 31 11 13 161 171 168 32 9 26 165 33 30 169 39 164 5 0 12 2 37 28 22 27 24 170 172 19 16 25 21 8 78 193 194 187 53 77 183 50 57 66 196 75 70 188 59 41 177 174 40 71 58 184 199 55 73 67 185 45 179 72 64 186 42 54 198 47 49 201 192 176 206 90 109 82 103 93 215 205 114 117 83 96 86 116 217 81 112 98 88 101 110 118 84 99 216 80 95 119 87 207 211 97 89 104 113 91 213 208 210 106 145 128 227 124 152 149 219 131 123 127 222 136 130 225 223 221 122 226 125 144 228 155 129 157 230 232 146 233 120 132 138 151 139 143 137 126 150 121 133 134 
168 162 17 38 13 28 10 165 164 171 21 7 11 18 31 3 4 32 172 16 19 2 23 167 36 39 35 169 37 160 29 166 12 173 9 33 161 163 1 8 75 59 74 194 57 77 43 63 198 193 66 188 197 180 71 202 79 60 53 182 69 191 45 68 64 175 44 67 189 181 48 186 195 73 179 49 54 42 185 52 104 81 211 204 205 114 105 80 86 87 208 84 90 106 115 109 82 111 218 215 108 89 96 210 117 103 207 214 92 85 107 112 217 94 97 216 206 118 116 101 153 132 137 145 157 219 226 143 228 150 126 222 220 158 223 149 155 125 146 127 231 221 122 147 154 156 227 159 140 224 128 232 120 134 121 229 135 139 123 131 
11 163 160 23 26 3 32 2 36 7 171 1 0 18 27 35 25 37 169 6 33 9 10 162 19 21 29 5 170 4 166 13 15 17 28 16 167 24 30 34 199 70 78 55 56 54 62 47 43 187 190 68 60 188 182 61 71 202 69 66 49 200 58 50 45 74 42 181 64 201 197 59 40 191 57 198 194 185 52 51 82 96 119 87 112 118 90 109 88 208 116 218 94 214 211 101 207 105 206 117 80 212 100 110 111 108 103 114 86 99 213 85 104 95 102 84 209 215 216 89 147 219 144 221 124 142 137 126 229 134 159 138 127 148 128 155 230 121 227 132 145 135 224 152 120 228 143 157 149 129 154 232 231 226 130 150 123 233 158 156 
12 9 162 15 14 0 10 32 20 168 169 29 7 37 18 22 34 164 23 165 19 24 28 3 27 30 171 173 161 26 36 16 38 31 163 167 160 4 2 8 47 42 66 73 176 189 72 60 58 55 59 199 202 63 193 182 65 197 77 181 74 174 70 43 191 40 52 51 192 45 71 186 203 187 62 195 188 49 198 200 99 85 104 212 94 119 111 206 93 90 216 81 114 98 205 117 116 83 107 214 88 207 118 217 108 115 218 105 82 80 215 100 86 89 210 84 109 92 204 208 226 144 123 122 156 222 224 219 233 143 146 141 221 154 150 125 124 225 231 121 229 135 155 153 134 148 133 149 128 157 227 152 127 126 223 159 232 140 220 137 
170 28 20 10 9 161 165 163 22 169 16 39 162 14 18 36 21 29 172 1 15 2 37 166 31 6 12 24 30 7 13 23 35 160 25 8 26 4 3 34 198 51 191 199 79 67 45 61 52 178 186 193 196 57 48 68 174 201 194 50 54 40 41 176 188 202 62 49 195 197 182 77 44 63 203 66 65 55 180 43 217 99 92 113 95 206 85 87 210 89 205 116 216 102 84 119 96 115 81 103 108 104 109 211 117 114 80 110 97 214 100 215 93 213 112 105 204 218 82 101 125 159 150 223 137 151 149 133 155 126 132 157 124 123 142 221 233 141 153 228 147 129 232 152 226 131 135 127 156 146 120 229 144 222 227 136 138 134 139 122 
171 23 1 9 17 160 6 12 3 36 32 35 164 39 27 166 21 7 0 30 4 5 18 33 8 161 14 20 172 31 19 170 168 37 167 38 10 25 22 34 67 55 200 62 61 49 177 79 58 56 185 188 187 46 59 73 66 60 78 181 193 184 195 196 183 75 68 189 199 201 77 186 43 76 50 178 48 70 174 202 208 84 85 114 206 103 93 213 94 109 118 210 214 217 211 204 89 80 110 98 207 104 111 86 87 91 105 116 102 81 107 88 209 115 83 113 101 100 106 218 224 134 144 133 128 143 233 139 145 228 148 140 149 150 124 130 157 221 152 225 132 121 154 141 232 220 120 230 229 156 142 122 155 126 146 125 138 153 129 159 
160 168 16 172 161 19 167 10 166 164 165 20 13 5 37 169 30 1 170 31 173 38 35 8 29 36 4 27 0 162 17 9 32 28 22 6 3 26 12 21 178 198 200 52 189 195 48 47 191 193 51 40 53 70 182 203 174 58 65 54 76 197 77 71 63 177 72 73 190 67 78 45 184 202 201 199 79 180 74 179 216 81 211 105 215 108 117 102 91 106 104 93 218 107 114 94 113 210 212 119 100 118 92 205 97 99 87 112 96 95 84 110 109 204 213 217 98 207 82 83 157 151 230 131 146 231 125 152 220 229 141 134 159 145 123 148 120 232 128 223 129 233 140 122 135 156 225 137 155 150 153 124 224 143 133 139 126 147 222 144 
0 7 32 164 33 166 21 3 36 1 27 162 25 2 163 29 39 161 170 15 35 167 31 16 160 22 169 11 14 13 4 171 173 17 38 168 28 5 23 34 66 180 45 192 194 199 61 77 201 196 75 193 174 51 74 65 203 43 186 182 46 78 58 68 177 42 195 184 62 64 73 69 47 197 49 183 60 175 178 79 92 112 214 89 81 109 102 212 210 80 215 100 108 205 218 208 97 211 213 115 84 104 83 118 94 96 209 99 111 106 91 119 90 82 217 207 110 98 86 206 128 223 121 141 151 227 135 233 224 156 145 127 122 126 155 153 150 123 134 231 140 146 221 222 225 142 230 144 138 226 129 137 131 220 132 229 139 154 149 124 
27 5 38 35 37 8 170 13 34 9 168 23 20 1 10 36 161 163 25 30 166 172 0 26 16 12 169 18 2 17 164 160 22 19 7 165 39 6 24 21 196 46 201 197 182 68 79 72 71 195 178 52 56 51 57 73 179 189 198 185 193 61 69 203 40 75 62 53 192 191 174 41 48 180 66 183 188 67 70 78 114 112 215 217 106 94 88 110 117 116 109 210 207 119 82 85 102 97 96 208 218 87 209 98 104 205 213 93 108 206 216 115 118 91 99 84 214 113 212 211 221 141 227 136 150 230 151 124 143 228 128 129 152 132 223 144 142 146 137 122 138 224 222 125 121 155 139 147 127 130 131 140 149 219 153 145 126 225 156 157 
166 17 160 16 25 22 8 173 13 171 12 161 36 4 38 23 34 24 6 3 31 7 27 26 35 29 2 14 1 162 10 30 33 11 167 28 20 5 169 172 64 62 183 181 76 203 191 198 200 49 79 53 60 78 188 74 68 55 41 178 75 52 65 195 50 187 44 72 190 40 61 196 174 192 73 71 63 177 186 42 105 217 92 114 112 216 204 90 101 115 95 100 97 109 93 113 118 213 80 88 87 206 207 107 218 104 119 94 208 110 209 81 103 210 82 91 102 205 96 89 223 153 149 147 143 159 133 225 127 140 226 220 151 144 134 232 138 222 131 123 219 156 224 145 129 135 136 142 148 121 122 132 130 152 137 230 126 128 146 233 
18 172 22 0 25 173 12 4 168 35 163 28 17 165 10 8 3 38 20 23 6 36 2 27 167 9 19 169 26 171 39 34 160 14 37 11 13 5 33 162 200 78 63 45 199 74 202 75 179 66 43 76 70 193 49 51 198 184 176 183 177 188 44 77 56 61 54 57 189 203 71 64 47 50 55 40 62 182 194 41 81 101 91 117 90 106 214 105 212 108 119 207 109 86 206 116 97 208 112 218 217 100 102 82 110 209 99 104 115 92 84 211 215 107 88 113 114 213 111 118 143 229 132 131 130 152 154 145 221 124 141 233 127 159 226 144 146 125 134 120 158 121 157 140 150 138 137 129 128 230 219 231 228 135 123 148 151 122 142 232 
163 24 15 34 37 167 11 171 13 169 172 10 25 162 161 23 36 33 14 160 29 165 31 27 32 4 9 38 2 166 26 8 3 28 170 0 1 7 5 173 49 179 43 53 181 188 42 62 193 182 72 71 58 195 50 184 176 57 186 60 177 48 180 174 77 73 64 79 76 45 61 55 51 78 191 63 75 198 44 203 118 89 100 119 85 80 96 106 206 84 208 213 210 87 209 215 93 218 207 204 117 90 98 102 81 83 94 110 113 103 216 86 205 109 92 112 212 82 115 108 157 158 125 124 132 156 126 123 122 229 221 151 232 135 147 146 224 228 227 145 131 121 153 149 140 130 143 223 231 225 141 148 136 219 134 159 142 129 155 120 
20 166 28 3 165 13 16 24 11 38 172 164 5 1 8 10 14 33 30 23 168 170 18 162 9 17 0 12 27 171 160 15 6 31 2 19 32 39 34 167 44 55 49 196 191 59 79 199 65 195 40 67 54 198 42 175 45 70 202 184 180 78 50 200 178 51 62 41 47 61 185 177 190 72 53 68 194 57 64 197 118 206 88 92 119 212 111 100 213 217 208 116 113 114 218 80 93 215 108 105 112 85 107 82 91 216 103 102 89 87 101 109 104 110 211 204 86 96 90 97 147 136 124 140 134 126 130 223 221 142 120 131 152 149 226 139 141 132 233 220 225 224 231 155 219 133 151 157 230 143 154 229 228 127 144 135 129 158 222 145 
