-1 -1 -1 -1 -1 -1 -1 -1 -1 -1 -1 -1 -1 -1 -1 -1 -1 -1 -1 -1 -1 -1 -1 -1 -1 -1 -1 -1 -1 -1 -1 -1 -1 -1 -1 -1 -1 -1 -1 -1 -1 -1 -1 -1 -1 -1 -1 -1 -1 -1 -1 -1 -1 -1 -1 -1 -1 -1 -1 -1 -1 -1 -1 -1 -1 -1 -1 -1 -1 -1 -1 -1 -1 -1 -1 -1 -1 -1 -1 -1 -1 -1 -1 -1 -1 -1 -1 -1 -1 -1 -1 -1 -1 -1 -1 -1 -1 -1 -1 -1 -1 -1 -1 -1 -1 -1 -1 -1 -1 -1 -1 -1 -1 -1 -1 -1 -1 -1 -1 -1 -1 -1 -1 -1 -1 -1 -1 -1 -1 -1 -1 -1 -1 -1 -1 -1 -1 -1 -1 -1 -1 -1 -1 -1 -1 -1 -1 -1 -1 -1 -1 
5 163 184 181 157 27 20 16 173 178 166 38 182 151 13 31 179 172 28 180 36 19 24 1 25 11 26 187 170 190 188 37 174 153 32 33 14 162 10 69 43 219 214 215 218 231 79 198 40 51 66 64 196 223 210 212 52 60 67 197 192 74 209 50 191 45 228 42 81 47 203 222 53 78 65 194 229 193 75 221 213 54 249 244 109 110 92 235 262 248 245 84 113 98 266 252 259 255 91 256 114 116 97 107 243 99 111 105 263 85 247 100 87 237 103 240 101 276 143 150 290 278 124 142 296 298 281 133 129 137 270 149 135 118 136 287 123 117 148 147 279 272 300 294 280 302 130 126 131 144 273 
178 185 31 173 25 27 22 5 160 158 9 18 159 34 14 184 171 16 180 179 168 152 161 182 166 3 19 164 29 17 157 21 176 172 32 187 33 37 23 215 45 77 72 206 225 195 224 233 205 198 214 228 69 46 60 51 58 220 52 63 230 196 213 193 50 78 76 221 44 56 53 81 62 207 80 49 42 59 216 219 226 75 100 260 85 110 91 96 249 243 106 107 258 235 82 268 254 264 266 259 87 113 246 86 237 95 242 251 263 244 105 261 241 109 108 116 83 139 127 143 149 126 133 296 291 137 302 273 282 125 129 281 140 272 121 275 283 144 280 295 138 300 142 274 117 271 136 276 286 141 277 
154 36 16 167 177 31 185 175 160 166 180 162 29 9 187 165 25 7 11 170 188 156 21 159 178 23 12 34 158 14 32 173 17 10 5 22 161 182 28 215 70 48 74 223 232 230 45 220 196 208 76 67 198 41 55 192 73 200 75 58 59 63 226 203 39 229 72 47 57 71 44 193 212 61 56 216 69 66 191 49 46 228 239 255 258 93 242 244 256 259 106 99 88 264 254 234 84 91 108 112 262 248 107 97 94 101 83 86 82 240 241 109 236 85 261 237 116 123 145 133 280 129 299 290 279 291 138 131 121 274 285 272 276 271 122 295 144 281 125 269 273 288 275 130 148 302 124 149 142 296 119 
175 35 179 186 13 26 170 32 168 176 171 187 11 28 157 178 177 152 190 24 7 9 151 14 23 20 27 5 188 18 10 12 173 156 165 189 31 2 36 224 70 63 79 49 42 233 208 216 52 229 51 80 61 73 225 57 60 199 39 47 50 74 226 207 192 213 56 204 197 219 59 210 45 43 202 76 71 231 214 221 53 40 84 254 105 99 256 102 90 85 238 234 268 259 265 260 110 89 236 108 267 114 82 255 264 251 263 246 245 237 250 239 235 95 252 98 106 293 120 275 123 132 141 291 269 128 274 285 134 273 296 148 129 289 287 301 126 139 147 117 278 149 297 140 133 279 292 298 286 283 290 
17 2 183 185 161 36 1 37 4 154 14 29 10 151 174 5 32 18 153 170 152 34 31 168 175 27 25 181 162 178 179 166 19 16 155 21 23 163 172 81 227 218 225 51 68 59 63 221 217 65 216 212 74 53 78 194 210 198 72 211 228 213 229 58 214 56 55 41 47 231 195 70 45 46 220 67 60 42 77 205 224 61 108 101 84 255 85 241 260 257 83 99 110 244 234 236 98 88 111 105 86 256 262 237 107 94 106 263 246 254 238 92 103 253 268 245 265 280 279 149 147 138 300 293 276 282 141 269 120 286 270 118 291 288 148 297 122 283 139 121 273 145 137 287 131 294 144 285 272 281 150 
169 9 22 158 3 160 184 4 190 13 157 21 35 10 188 25 152 24 27 0 177 29 14 179 159 151 162 172 155 170 180 176 166 26 36 12 5 189 15 221 192 222 211 195 194 216 203 55 51 207 44 62 226 215 219 41 66 49 198 59 81 72 50 191 200 218 70 58 220 42 206 225 214 74 204 230 54 40 46 71 232 75 259 88 234 237 96 258 254 89 262 87 85 264 244 105 116 266 91 241 102 113 261 263 251 109 252 114 83 112 100 111 82 110 250 247 99 148 302 129 278 301 283 275 135 123 130 295 273 299 271 281 127 296 144 289 142 149 134 131 282 145 276 121 147 274 119 122 300 132 118 
26 14 182 15 157 36 23 22 25 177 158 1 33 189 16 176 2 35 165 17 186 185 163 184 19 24 178 159 4 12 183 29 28 161 160 27 181 171 173 198 61 81 77 205 223 47 65 80 74 48 55 46 193 41 68 49 214 76 217 206 51 66 52 54 230 64 213 72 50 227 69 79 204 40 219 199 43 57 200 63 210 216 267 110 252 88 90 262 85 265 261 96 244 113 103 99 254 89 235 256 106 107 239 258 240 266 91 114 116 108 234 248 245 87 98 84 250 300 134 150 298 142 272 277 125 133 293 285 286 294 287 118 128 292 290 297 302 123 146 135 117 296 138 291 136 288 137 121 295 122 273 
10 170 188 168 152 177 26 162 14 189 174 27 161 156 186 157 159 180 18 2 160 173 12 20 171 155 153 37 176 16 24 179 19 151 187 31 3 8 29 220 208 63 191 210 206 196 67 46 197 51 216 53 54 44 212 230 61 200 78 223 42 80 49 192 233 58 219 211 204 224 52 213 79 57 205 70 209 55 229 75 228 39 98 113 91 256 251 254 112 235 262 89 267 111 105 244 88 234 104 94 237 109 259 247 268 99 93 239 246 83 258 103 92 97 90 85 257 280 143 132 290 274 300 279 273 291 127 145 136 288 122 276 117 278 272 296 125 138 270 292 299 120 135 124 146 119 139 137 123 271 295 
0 21 177 29 11 1 188 189 152 33 2 30 151 158 187 10 19 9 181 35 178 27 25 167 159 153 169 36 180 182 157 156 32 17 155 26 16 14 34 226 45 194 212 71 231 197 55 219 43 50 215 79 211 200 222 233 39 202 80 57 217 70 51 228 47 74 227 76 203 52 42 205 225 81 68 66 224 62 209 67 63 60 95 114 113 97 103 243 100 111 116 255 263 104 257 261 252 86 93 101 89 94 264 110 102 239 90 234 83 236 249 251 256 258 87 99 246 130 282 286 140 119 128 274 149 139 297 278 142 302 124 145 298 281 276 118 272 295 289 300 148 283 291 280 136 138 290 292 270 284 146 
185 25 29 20 31 172 24 155 175 19 32 171 154 27 151 182 179 35 163 173 23 4 153 17 189 156 18 21 5 160 180 9 30 165 37 161 186 13 187 79 205 196 203 200 224 62 195 191 218 222 204 73 211 231 221 77 219 78 69 64 226 199 213 68 56 232 65 49 60 61 223 233 71 76 53 193 225 208 80 45 197 39 256 239 83 89 235 90 265 241 238 260 97 106 84 105 252 109 263 110 242 86 251 94 267 249 111 87 264 237 262 103 261 236 93 92 114 127 290 125 148 294 135 276 298 119 139 296 142 150 274 275 281 271 121 270 130 286 145 126 117 140 273 146 128 285 280 143 292 123 147 
161 171 14 4 181 30 37 10 172 157 36 177 190 151 185 173 189 164 16 170 1 184 25 3 165 2 160 178 27 180 13 168 182 20 21 15 12 19 155 232 71 210 220 60 56 76 195 230 51 80 203 215 41 63 197 191 223 46 202 49 81 43 54 217 207 227 48 65 231 205 228 225 70 198 78 74 79 77 59 39 226 211 103 101 268 104 245 242 114 113 258 255 93 99 90 257 266 102 115 240 110 243 87 244 88 256 248 250 260 249 108 251 262 241 247 105 252 299 119 289 149 283 297 129 131 286 280 139 282 292 143 278 284 137 122 148 300 276 272 147 277 117 145 142 141 136 120 140 273 146 144 
24 162 11 163 166 189 159 17 26 185 177 4 184 151 13 175 3 19 12 181 171 168 29 174 179 183 37 31 160 14 9 0 32 7 2 35 169 154 188 193 203 207 61 39 52 230 216 79 202 199 201 212 46 44 73 72 217 40 208 59 71 76 66 74 62 224 229 69 42 43 223 194 220 77 227 70 41 80 64 48 231 81 237 105 256 243 251 241 83 113 234 111 257 246 258 238 93 98 261 262 249 252 235 265 260 86 109 94 110 101 266 250 107 99 82 115 253 139 146 127 117 271 272 269 141 273 140 148 128 147 142 296 274 301 137 118 295 278 119 135 284 130 132 149 150 144 289 300 276 125 275 
174 7 2 158 171 1 12 37 154 17 9 23 187 173 34 15 3 24 167 177 6 157 180 181 32 18 27 8 170 11 169 162 36 151 22 14 160 153 175 42 230 212 224 206 201 55 48 193 222 219 195 81 63 210 78 194 202 65 214 221 72 192 77 209 66 220 233 213 207 40 197 62 191 39 76 44 215 205 74 227 50 211 266 247 255 88 262 237 97 110 264 249 258 235 257 98 87 84 253 94 115 100 254 89 85 245 96 243 83 99 108 106 104 250 113 95 242 143 275 147 281 301 121 118 285 288 272 297 274 139 287 148 134 150 280 300 295 299 289 117 130 284 286 135 142 127 271 123 302 270 141 
160 4 161 183 178 163 21 33 155 12 9 153 166 171 188 27 190 38 35 181 13 14 176 36 186 177 168 158 28 19 15 157 152 173 22 175 165 167 0 48 66 228 209 224 232 68 196 41 58 64 56 49 218 214 208 205 216 51 230 70 195 227 221 43 79 225 57 192 46 233 65 52 76 63 54 77 204 193 42 61 210 197 109 108 83 260 263 246 267 235 97 112 99 103 102 264 91 114 107 111 236 259 249 104 110 88 262 238 266 116 256 95 268 82 245 251 106 288 300 281 140 118 272 294 131 282 142 287 148 291 138 285 119 273 144 274 149 117 135 270 296 125 134 276 299 292 145 132 150 146 271 
12 169 32 0 36 24 168 170 3 29 14 31 27 2 155 19 171 188 7 25 18 163 159 9 165 4 172 178 174 189 37 175 21 161 173 20 6 26 16 72 221 213 193 79 210 195 77 211 225 76 228 204 42 226 197 57 43 46 192 63 198 41 231 69 203 68 215 202 209 45 205 80 233 67 196 74 191 58 53 194 55 60 110 115 92 89 266 240 105 238 83 263 253 94 246 86 245 262 257 254 256 91 88 87 93 234 109 98 96 116 82 106 111 248 241 268 104 130 288 299 297 148 280 287 283 289 298 134 284 144 293 126 302 125 121 123 136 277 294 131 274 128 145 278 119 146 133 129 149 137 291 
19 37 22 27 9 16 4 190 163 189 177 187 34 154 185 169 11 173 167 164 0 2 31 171 184 33 24 23 174 178 3 36 8 158 35 153 10 188 26 40 219 204 222 226 207 54 58 69 220 65 233 216 62 201 56 71 48 57 46 205 197 52 79 75 215 203 44 78 45 74 72 39 227 202 73 80 212 223 55 60 66 70 253 92 260 256 234 93 263 85 106 254 239 83 104 112 94 99 105 255 268 109 251 245 238 95 261 115 262 84 242 247 257 87 266 110 236 300 284 130 296 273 272 293 269 276 122 299 119 279 282 150 302 142 277 288 146 148 271 289 287 143 149 281 145 297 128 144 283 125 134 
188 185 2 13 34 170 18 184 161 15 152 181 6 7 27 187 37 178 9 10 5 0 166 190 154 1 29 157 32 17 14 186 21 182 22 38 156 11 163 62 54 75 226 48 64 49 202 192 194 73 225 39 191 227 44 47 69 68 213 205 198 76 78 46 51 207 79 222 58 65 52 42 219 71 215 223 232 50 214 55 43 211 251 253 102 263 107 255 238 104 237 249 110 101 108 258 240 246 252 247 93 83 113 239 116 112 236 245 97 82 92 111 264 266 99 243 256 144 286 138 119 282 118 272 280 133 139 130 278 299 137 274 270 293 288 123 136 149 145 279 125 132 302 292 142 129 300 141 297 148 291 
184 22 163 154 171 27 177 33 160 12 36 35 7 176 23 169 170 161 157 172 158 30 28 4 151 165 164 8 183 17 190 173 178 166 153 21 6 182 5 76 213 230 51 215 206 198 211 207 45 44 75 72 229 52 196 63 212 210 59 80 219 222 197 40 66 78 62 60 191 43 204 65 79 61 217 232 77 202 42 203 226 220 87 114 255 93 267 108 248 115 113 265 266 105 241 250 92 264 86 238 85 252 242 107 88 98 243 109 112 257 110 101 96 260 104 239 116 128 136 286 283 131 150 138 274 140 135 129 148 299 294 273 124 284 149 119 125 127 120 287 278 270 288 293 297 296 121 118 145 289 301 
18 161 166 26 170 11 158 8 23 151 159 175 33 171 21 35 167 153 173 163 180 157 188 182 28 12 4 16 13 14 179 27 30 154 185 169 34 37 168 43 63 73 40 49 55 56 193 50 52 203 46 221 220 200 79 232 54 195 205 231 44 225 58 233 210 74 219 47 206 41 39 69 61 217 51 214 78 224 218 216 191 48 264 93 257 242 106 103 88 254 92 115 234 244 109 253 114 262 258 82 265 263 236 246 240 111 259 86 251 235 112 89 94 247 101 96 90 127 287 140 281 302 147 294 132 280 299 146 121 297 296 145 285 283 143 274 133 118 123 276 131 284 275 269 300 301 148 117 139 279 129 
189 24 183 0 37 152 161 14 157 7 162 35 185 175 187 30 159 158 22 28 155 169 29 186 10 33 34 165 32 38 164 156 163 9 151 176 4 12 181 73 53 65 58 40 213 210 219 229 233 39 222 79 209 49 223 231 41 214 226 198 195 216 203 52 42 200 64 194 68 80 202 50 215 46 74 44 228 227 57 220 56 196 86 95 101 109 244 253 84 242 113 87 243 111 116 252 257 240 251 108 264 246 248 97 266 236 112 96 261 90 238 263 115 88 93 106 103 294 118 287 283 276 147 140 136 288 117 127 298 274 133 300 291 285 149 269 278 281 299 126 125 146 122 284 123 143 141 296 301 271 293 
180 10 7 163 30 177 157 26 158 36 1 189 179 152 20 0 187 6 174 162 3 167 175 170 184 2 155 38 29 171 188 18 153 165 31 35 166 17 176 60 51 67 41 210 219 42 221 228 77 213 229 39 214 205 76 46 64 203 222 197 224 225 227 207 71 81 47 62 52 199 72 201 74 50 45 40 218 79 191 69 215 55 114 243 262 250 106 257 91 105 83 94 239 84 255 90 264 242 258 249 99 89 96 115 248 108 111 93 260 261 95 103 102 97 266 86 237 123 143 131 124 142 134 133 137 146 135 117 120 277 278 132 149 128 281 138 295 293 269 140 298 275 294 284 289 150 147 129 276 285 126 
171 21 189 13 12 180 190 187 17 161 154 33 18 163 22 170 23 176 28 172 188 173 178 157 0 162 35 181 156 38 158 177 32 4 152 10 15 167 36 71 43 60 230 62 45 68 212 69 56 203 79 219 193 201 75 55 232 197 204 208 64 52 57 214 39 233 54 51 70 195 202 44 221 40 229 199 217 67 76 227 228 200 95 242 237 100 249 90 86 111 102 252 261 234 88 263 82 97 87 99 106 240 241 248 94 239 91 265 116 238 254 253 250 246 98 268 96 131 147 294 289 297 300 290 295 143 125 140 126 135 139 129 273 278 148 282 142 118 132 117 130 136 124 292 296 120 270 280 122 137 286 
189 164 32 188 22 159 176 166 163 33 184 0 161 1 162 160 2 152 190 31 183 25 178 20 30 16 3 174 157 12 175 21 10 23 168 5 28 180 13 203 216 40 227 192 193 214 205 207 57 198 79 233 39 71 59 46 48 219 211 194 75 222 60 196 54 221 65 67 55 58 64 212 53 43 210 69 49 225 206 41 78 197 256 242 109 263 105 87 88 82 111 114 247 99 101 251 91 97 96 98 102 115 254 84 110 253 86 100 83 246 238 234 240 262 265 92 106 136 300 142 146 288 140 144 145 295 292 277 124 137 119 278 128 286 284 285 150 273 147 121 298 139 301 133 297 131 271 302 281 127 132 
13 27 169 5 6 14 165 189 8 29 21 175 4 179 2 37 167 22 166 24 28 32 164 12 0 155 157 159 15 177 34 151 154 160 168 9 156 163 10 219 220 223 62 209 59 222 196 226 61 232 79 199 212 210 202 228 52 225 214 41 201 49 231 58 67 66 74 213 198 77 48 64 70 204 40 200 50 195 193 51 194 76 91 114 87 236 252 100 247 234 268 85 265 267 250 238 107 260 266 240 239 109 258 256 255 249 261 259 262 108 105 245 89 263 254 248 96 295 269 294 134 136 286 144 290 301 131 129 150 133 270 130 271 132 147 284 291 277 141 126 281 127 280 279 298 140 124 283 119 139 275 
166 33 2 176 186 158 1 160 153 151 152 163 18 156 35 5 173 178 14 17 20 23 159 21 183 157 0 36 9 13 10 175 12 177 4 37 169 189 15 47 53 221 192 207 71 57 205 222 199 210 233 198 56 74 211 44 209 58 213 206 68 225 64 60 59 226 69 200 229 39 201 212 78 203 227 54 40 61 70 202 63 215 98 250 104 257 103 268 241 114 102 238 86 111 260 253 91 239 110 236 112 108 251 90 264 258 235 109 248 266 240 265 261 99 263 107 234 296 275 140 301 144 133 278 125 124 136 276 141 281 127 269 270 286 148 134 143 132 130 131 120 282 119 126 297 298 294 290 145 300 273 
172 168 163 19 154 160 11 38 171 10 22 170 27 35 25 164 178 34 5 189 180 174 155 28 175 183 20 153 36 33 7 167 159 156 15 166 8 165 0 212 207 231 55 213 220 202 230 78 217 56 200 226 61 66 40 63 192 224 62 60 73 50 59 54 222 79 191 69 232 205 193 57 201 53 204 80 215 48 39 64 227 77 87 252 241 263 109 261 244 265 92 102 107 256 83 106 258 262 101 245 240 249 234 251 267 88 112 242 116 264 108 84 98 239 89 99 111 280 129 125 137 136 138 139 147 296 300 288 146 272 277 275 131 276 293 148 283 133 141 281 120 122 121 135 134 145 285 287 292 273 274 
171 184 182 1 21 169 175 170 185 8 20 31 151 9 0 24 157 6 174 172 12 189 166 35 28 17 177 10 36 18 168 188 156 173 23 179 22 13 5 78 62 194 192 81 217 63 231 77 42 76 59 69 74 226 51 45 41 72 39 48 219 208 54 205 66 75 203 202 40 197 201 215 44 57 53 47 211 225 49 58 68 218 102 259 94 90 85 239 108 106 262 252 98 244 256 84 261 246 104 263 91 99 249 247 101 111 112 116 83 234 92 95 93 82 241 113 86 290 142 299 283 146 149 126 274 273 277 145 127 295 285 289 294 119 139 270 130 296 292 122 148 297 120 275 278 298 271 300 291 118 286 
0 11 25 165 151 23 34 37 171 8 175 190 160 19 16 5 18 187 177 174 35 30 22 166 158 180 6 178 170 14 152 162 15 163 185 13 159 167 179 229 54 228 43 79 233 40 55 198 223 44 49 66 45 50 69 194 226 80 81 207 71 192 203 231 48 208 193 206 197 201 222 42 221 209 224 57 77 63 62 67 75 216 90 249 255 247 253 238 110 263 246 101 266 89 99 267 243 93 268 112 95 103 104 244 102 257 96 94 97 242 258 236 237 259 234 250 111 280 133 289 275 146 150 125 283 290 298 136 291 284 134 131 147 123 301 277 138 293 287 121 143 292 288 302 295 137 129 276 128 281 299 
152 160 1 172 184 154 158 13 175 157 187 15 171 161 189 10 11 21 33 166 178 156 9 24 29 8 32 38 182 19 155 179 26 169 190 151 20 31 174 227 49 230 39 58 44 225 65 50 222 70 197 219 207 76 55 216 68 191 46 199 206 233 205 77 72 220 43 210 213 221 63 218 62 81 198 80 228 42 203 211 231 54 255 86 248 98 266 103 87 256 110 85 262 112 106 236 99 246 90 243 238 268 263 244 258 104 91 93 96 115 84 260 235 249 241 95 252 271 277 283 131 129 291 294 280 128 132 141 139 147 281 301 134 275 296 130 125 276 149 293 133 278 142 137 279 119 150 138 295 292 285 
