-1 -1 -1 -1 -1 -1 -1 -1 -1 -1 -1 -1 
13 16 2 15 17 19 7 4 26 24 22 11 
13 15 0 3 4 19 7 18 22 26 10 8 
15 16 0 2 21 18 7 4 8 11 22 10 
13 3 14 0 5 4 19 20 24 11 9 10 
0 13 14 3 4 18 17 5 22 10 8 9 
12 13 16 3 19 4 5 21 8 11 25 23 
16 2 3 1 18 6 20 5 22 9 25 8 
13 14 3 0 4 17 19 7 22 25 26 8 
0 13 15 3 19 4 7 6 24 26 11 10 
15 13 12 14 17 20 4 21 26 25 24 23 
16 2 12 1 18 17 7 5 22 24 11 10 
16 2 13 15 19 18 17 4 22 11 25 10 
15 0 1 13 5 21 7 6 23 9 26 8 
0 1 15 16 17 19 7 20 26 8 10 24 
13 12 15 1 21 7 17 6 23 8 26 11 
1 0 13 2 4 21 18 19 23 9 8 10 
0 15 3 1 18 6 17 5 11 26 8 9 
1 14 3 16 17 6 19 21 10 25 22 24 
16 14 15 3 6 18 7 17 11 23 22 8 
15 13 14 2 21 7 20 17 11 9 25 26 
3 2 0 13 4 18 7 6 8 26 9 25 
3 2 14 16 21 17 4 7 24 23 8 11 
16 0 1 14 4 7 21 19 23 22 8 26 
12 3 2 16 18 19 5 21 23 8 9 24 
1 3 12 13 18 5 20 21 10 26 11 23 
14 15 3 16 19 21 20 4 10 24 23 25 
12 13 0 15 20 19 21 6 10 25 22 11 
13 12 16 15 20 6 7 5 23 26 22 25 
2 13 1 15 19 18 5 17 26 9 22 23 
