-1 -1 -1 -1 -1 -1 -1 -1 -1 -1 -1 -1 -1 -1 -1 -1 -1 -1 -1 -1 -1 -1 -1 -1 -1 -1 -1 -1 -1 -1 -1 -1 -1 -1 -1 -1 -1 -1 -1 -1 -1 -1 -1 -1 -1 -1 -1 -1 -1 -1 -1 -1 -1 -1 -1 -1 -1 -1 -1 -1 -1 -1 -1 -1 -1 -1 -1 -1 -1 -1 -1 -1 -1 -1 -1 -1 -1 -1 -1 -1 -1 -1 -1 -1 -1 -1 -1 -1 -1 -1 -1 -1 -1 -1 -1 -1 -1 -1 -1 -1 -1 -1 -1 -1 -1 -1 -1 -1 -1 -1 -1 -1 -1 -1 -1 -1 -1 -1 -1 -1 
13 157 144 1 135 129 8 0 3 128 12 156 154 122 10 29 192 177 28 19 189 18 164 163 15 173 181 174 180 171 206 236 208 234 239 209 41 230 33 235 42 217 211 31 232 273 249 260 270 267 246 46 261 256 268 269 52 276 278 48 280 289 302 292 74 290 63 291 293 73 316 286 313 308 305 84 351 321 358 342 333 346 79 320 83 345 322 77 87 338 364 370 397 396 382 377 92 104 388 366 96 381 393 98 97 404 407 435 116 410 109 432 424 107 426 408 405 114 422 106 
3 9 10 14 141 145 136 156 124 131 1 137 132 157 120 161 188 162 189 196 198 193 27 25 21 24 175 29 197 163 214 236 223 35 204 42 39 239 37 213 206 238 208 226 40 56 272 252 45 249 273 46 254 258 245 275 261 277 59 265 318 302 306 311 301 304 73 292 288 286 68 69 319 66 64 342 75 79 327 89 78 353 354 348 347 322 320 80 331 340 362 100 104 363 397 97 90 381 377 382 378 398 392 379 390 427 421 118 431 415 418 417 116 408 420 430 432 107 400 422 
121 131 14 127 153 159 9 132 125 154 147 10 130 148 156 172 24 169 166 18 22 190 165 171 19 162 180 15 163 29 37 202 225 227 200 38 211 204 230 224 39 220 205 206 229 48 272 56 266 262 54 248 241 258 51 253 245 279 246 252 313 289 307 308 319 314 296 293 66 283 69 301 64 288 286 328 84 344 339 353 88 325 322 79 75 336 83 351 337 354 392 99 90 393 391 394 96 388 390 385 372 100 389 370 376 410 415 419 118 110 426 106 413 114 436 108 411 428 404 434 
140 124 125 149 4 13 148 142 146 11 10 6 150 147 143 169 21 20 18 183 194 161 187 199 27 190 171 184 160 178 236 211 225 42 228 213 235 31 231 39 219 222 204 30 239 264 46 274 50 262 259 57 246 255 269 247 59 277 58 279 311 74 297 309 71 296 299 291 304 302 67 300 289 61 298 339 328 329 351 75 86 342 348 331 81 346 356 358 335 336 394 363 103 90 366 368 398 97 379 372 382 102 391 386 385 412 109 430 400 420 114 411 116 434 428 417 423 106 439 416 
152 11 135 146 149 148 121 6 4 8 134 150 0 1 9 191 168 17 172 177 165 175 196 182 15 23 184 22 24 25 37 226 205 217 208 32 203 224 215 228 44 230 231 238 207 263 48 256 58 55 51 262 279 276 240 271 258 251 252 272 316 318 306 281 71 60 312 280 301 315 74 311 61 300 317 347 329 356 82 346 86 353 75 354 357 326 322 334 79 323 394 103 98 378 104 90 94 370 384 390 360 101 395 382 374 434 413 115 107 424 429 109 438 106 425 114 420 431 119 435 
146 13 140 155 2 120 149 154 159 4 141 130 7 148 0 163 198 22 199 185 178 160 189 182 21 177 161 169 179 172 239 230 204 211 209 44 207 210 32 220 234 218 216 40 201 242 51 276 240 247 258 265 55 58 260 253 252 266 278 268 288 70 72 312 280 60 308 61 68 304 297 292 62 289 319 320 352 335 358 75 80 354 84 323 344 338 79 355 351 350 393 387 367 99 364 365 382 378 386 398 396 102 104 391 94 420 105 424 414 116 418 439 436 402 401 430 416 431 106 411 
6 1 138 143 158 144 145 149 7 123 13 131 140 133 5 21 168 177 188 15 189 24 194 26 164 195 166 165 186 16 210 44 207 221 30 209 204 214 31 232 205 38 201 203 206 245 261 241 249 56 250 48 257 240 251 270 260 265 275 58 68 292 295 71 284 67 311 308 293 287 66 298 63 288 302 335 326 349 322 87 344 333 358 357 327 351 354 321 89 339 385 396 366 376 394 378 380 101 94 361 393 360 381 104 368 113 114 105 421 433 111 426 431 107 417 439 427 416 119 434 
149 159 12 152 145 131 144 157 128 0 148 7 146 154 136 193 29 176 18 174 184 163 24 183 165 17 164 189 178 160 228 207 31 230 209 221 44 35 232 33 222 231 34 220 30 279 262 245 256 54 278 45 51 260 272 247 263 240 255 50 309 280 307 308 73 300 67 302 301 66 291 295 298 62 290 324 76 345 320 335 346 359 327 88 337 344 81 357 79 331 368 365 102 392 362 375 369 93 381 384 380 379 370 383 361 433 111 430 426 110 437 421 416 420 114 413 429 112 427 422 
156 139 153 0 130 132 128 151 125 136 146 157 133 158 154 190 197 20 167 170 166 25 162 180 175 18 168 23 182 183 238 231 234 34 208 228 216 218 230 33 41 222 211 203 204 254 50 279 269 252 46 265 54 277 278 56 242 52 256 260 283 71 315 301 60 290 312 64 317 74 300 285 302 67 309 78 322 340 82 81 339 328 88 355 349 335 321 77 320 325 102 362 361 392 385 369 367 360 377 101 375 103 370 387 96 413 422 412 430 428 423 112 433 411 404 414 105 110 417 108 
131 152 150 7 122 12 13 153 126 9 11 130 159 136 129 188 169 17 161 189 199 171 164 18 24 187 19 160 197 192 224 226 44 217 219 237 209 200 202 207 218 36 41 33 228 249 265 244 257 58 47 262 256 276 54 267 59 278 269 270 305 74 280 284 300 291 297 69 312 302 72 308 307 294 299 357 84 336 352 353 85 354 79 329 333 347 88 345 83 322 369 104 398 380 91 98 363 367 375 93 385 371 390 95 395 107 422 105 406 109 426 118 420 407 405 431 428 119 401 415 
146 142 138 130 128 6 127 13 150 0 14 133 121 135 151 25 194 28 19 176 185 16 179 196 199 198 26 17 173 172 202 37 200 213 227 42 39 32 238 223 201 237 224 43 226 246 57 54 257 249 240 262 241 51 254 271 45 256 276 279 64 308 61 285 70 295 60 284 286 318 314 307 72 280 297 79 333 342 347 338 332 78 325 81 86 351 326 334 75 87 394 392 388 390 98 378 397 103 367 93 395 96 382 364 369 117 415 116 412 413 409 115 420 422 402 109 112 406 114 106 
135 144 7 146 131 140 122 158 138 5 155 150 120 3 0 173 165 192 171 170 193 17 21 195 188 172 196 199 187 16 36 207 216 237 41 230 203 238 39 228 40 201 235 220 205 257 272 59 250 271 47 269 260 58 279 57 262 49 247 56 313 63 70 286 302 315 309 305 285 318 60 317 71 284 296 78 324 329 88 322 334 333 336 321 345 341 325 344 86 326 378 93 91 100 384 360 389 367 370 394 94 397 385 372 382 422 417 403 410 435 111 420 436 415 409 405 414 401 411 431 
148 12 7 135 147 131 154 152 157 145 158 153 140 132 5 23 26 169 19 176 27 163 165 161 195 166 20 181 16 162 217 237 210 207 43 204 35 42 231 221 230 205 209 234 239 45 244 55 49 252 58 257 51 250 258 52 266 256 274 251 285 66 73 284 315 293 290 286 294 298 305 283 74 304 69 75 356 335 321 359 351 333 358 78 344 338 329 320 327 86 372 362 368 394 99 364 399 386 100 387 390 382 389 95 91 416 403 119 423 108 431 404 419 427 109 400 118 401 415 410 
158 145 136 126 147 1 123 131 7 122 140 152 135 143 157 165 187 193 198 160 181 195 16 168 28 27 29 178 175 23 218 230 219 36 38 31 207 236 226 237 30 209 228 233 215 267 257 58 57 269 268 266 253 250 246 59 256 248 245 259 318 301 298 302 73 69 68 308 60 310 292 288 71 295 66 343 78 353 85 324 79 330 83 86 322 320 357 348 325 352 389 383 378 375 372 394 385 101 386 365 363 377 384 99 380 109 106 426 415 431 409 107 416 411 110 429 410 434 420 433 
147 153 149 137 129 7 121 131 13 148 11 150 125 142 140 183 162 180 195 25 177 197 189 15 171 21 174 194 161 188 222 209 221 30 33 233 210 223 214 201 31 224 213 37 226 279 59 254 260 270 250 261 248 45 259 55 278 243 246 265 301 302 64 294 288 311 304 312 72 296 291 303 287 284 314 332 355 349 323 83 76 336 78 348 321 327 357 339 325 358 363 371 102 361 386 375 365 390 90 397 388 394 399 380 362 115 116 401 108 430 112 418 107 414 437 423 421 438 105 410 
123 143 153 120 157 137 1 134 9 135 6 145 12 141 138 185 172 19 184 29 176 23 166 180 178 190 187 188 191 177 225 211 207 221 220 231 216 36 222 203 218 41 224 213 200 256 269 257 46 266 244 56 240 271 49 255 261 52 45 54 68 312 61 311 292 308 300 305 310 289 317 295 72 301 281 343 345 348 339 344 358 320 355 321 331 325 86 324 83 80 379 360 390 398 103 387 102 369 386 366 367 95 370 382 397 408 421 422 433 432 117 105 424 411 426 414 107 439 434 111 
144 8 145 134 138 129 151 143 12 130 126 131 0 13 10 199 174 193 21 18 25 191 175 160 190 196 24 173 172 162 226 220 211 230 225 34 217 232 219 218 229 38 208 42 203 267 59 277 47 251 254 53 276 262 256 57 266 265 268 264 289 284 287 309 62 65 311 69 297 64 313 286 318 293 68 82 83 341 350 357 349 348 339 84 356 85 345 327 332 347 90 385 364 360 99 94 393 100 367 396 91 384 375 96 379 415 432 420 118 112 105 417 115 419 436 418 424 400 401 108 
141 6 137 131 144 5 4 120 132 139 130 148 145 133 152 185 170 168 23 27 183 20 196 161 171 195 160 167 178 182 216 37 205 42 201 222 232 204 221 35 208 213 230 234 220 57 51 244 47 248 266 275 273 255 262 59 259 243 278 264 317 280 71 289 304 284 290 68 286 62 299 301 318 282 283 326 330 332 358 334 76 333 340 86 320 88 348 359 87 322 374 373 383 384 367 370 378 90 104 98 101 385 380 377 102 433 105 107 401 412 438 411 423 419 417 112 403 406 118 427 
13 132 123 5 12 157 129 6 153 130 4 156 144 127 143 184 182 163 181 189 27 190 174 167 165 166 22 169 26 29 238 214 41 203 34 233 231 224 201 221 228 239 223 232 30 278 46 51 243 263 241 277 253 57 270 242 266 247 268 45 60 303 313 306 302 287 301 65 70 299 312 292 72 293 317 82 350 344 325 359 339 349 78 356 323 329 89 330 342 355 379 394 91 96 95 94 100 364 376 393 381 389 90 93 383 420 430 418 433 109 439 424 408 437 112 435 429 111 434 415 
129 7 137 145 144 134 14 1 12 131 0 153 151 149 152 29 171 191 174 25 19 194 17 190 27 20 180 181 176 28 200 218 231 228 207 33 203 230 32 202 208 36 206 217 214 258 275 278 263 246 248 267 55 59 242 50 45 256 270 271 281 291 307 314 284 316 309 295 280 313 300 60 73 303 63 87 77 355 359 330 82 321 331 322 323 326 336 324 339 340 396 364 97 90 360 384 96 104 368 393 102 379 391 361 369 435 420 429 414 411 430 423 117 108 105 438 408 431 425 116 
131 134 125 147 157 144 136 146 138 149 2 154 132 152 150 177 171 26 28 191 185 163 27 20 186 21 160 19 194 174 39 227 236 37 214 204 201 237 229 30 206 42 223 216 215 267 56 268 248 266 277 258 253 249 279 252 278 263 254 46 305 300 310 298 296 288 299 319 304 284 290 295 315 306 281 89 327 355 329 351 347 343 83 352 341 340 342 359 333 357 372 101 365 104 362 389 378 373 393 398 392 97 98 100 388 433 430 116 431 105 404 417 406 436 418 118 408 110 416 435 
141 138 12 131 135 137 140 1 159 134 157 126 154 127 158 199 179 22 167 198 185 182 176 160 188 17 178 173 174 186 219 226 234 236 213 223 216 201 203 208 239 39 38 37 238 252 273 249 251 254 275 261 246 260 262 268 250 267 47 276 73 71 318 64 60 284 292 294 304 285 286 62 287 297 299 344 326 82 348 333 89 81 327 359 355 339 358 85 335 83 368 101 97 395 365 362 389 100 372 94 370 373 393 364 381 115 429 423 419 119 436 420 432 411 422 112 402 105 110 439 
1 159 125 133 120 0 149 126 14 137 140 138 5 121 13 185 24 19 190 198 181 21 177 164 196 191 172 26 188 16 233 209 227 32 201 211 216 214 225 38 39 35 215 238 222 260 58 256 276 250 263 254 266 46 244 56 275 269 48 246 319 60 68 74 297 315 284 304 66 285 72 280 318 64 62 332 84 78 320 77 345 352 346 76 348 326 79 81 359 349 375 370 362 383 104 379 384 365 395 385 96 399 90 376 101 406 417 437 432 107 425 415 110 115 435 424 430 402 112 119 
141 137 13 123 130 158 153 148 143 139 5 128 155 14 133 196 160 177 20 170 180 184 186 198 171 166 188 183 16 192 233 37 202 201 204 200 34 230 42 32 43 203 44 234 41 240 276 242 250 254 263 59 58 273 45 277 264 56 244 251 295 66 301 304 314 60 62 72 64 302 300 309 292 294 318 338 79 88 356 327 331 342 349 351 330 328 334 348 323 81 371 397 362 373 390 104 381 378 374 393 90 387 382 385 398 109 410 431 411 439 438 406 116 106 421 434 111 414 404 436 
14 156 121 5 141 159 123 133 139 12 151 138 157 122 152 190 198 161 192 170 18 188 168 180 169 167 195 187 196 19 38 212 205 36 204 217 235 30 33 216 215 41 224 201 42 266 272 54 255 268 252 253 260 256 46 47 251 55 58 262 305 318 302 315 64 299 65 72 301 307 288 287 306 300 296 351 348 323 80 89 79 350 343 320 88 77 354 330 356 328 94 92 399 104 375 370 390 392 103 371 381 387 97 367 369 423 421 107 118 400 425 110 434 409 406 420 427 418 106 419 
137 126 146 139 133 143 4 130 156 138 1 131 10 151 157 193 19 197 169 29 27 198 28 196 173 190 194 15 179 180 36 201 33 213 239 226 231 216 215 235 200 229 35 218 237 278 243 255 240 47 247 277 251 58 257 46 245 253 244 55 291 66 315 314 295 60 67 61 296 309 64 302 69 283 317 84 333 347 323 327 329 356 324 331 77 88 339 357 341 342 392 93 370 362 95 378 367 379 395 390 364 369 103 365 382 413 107 439 407 423 426 430 438 404 428 400 414 109 116 405 
133 140 125 126 139 0 148 9 129 10 159 142 12 146 150 173 190 196 19 170 175 161 166 17 192 169 194 199 182 185 216 210 233 41 42 235 203 212 217 211 228 223 237 230 231 46 253 256 53 275 261 47 267 50 240 248 49 57 247 271 283 303 313 62 307 302 314 60 295 304 286 69 67 315 66 80 344 341 358 331 322 327 340 359 332 86 329 324 326 350 388 379 389 94 397 364 102 92 367 90 377 100 91 101 393 433 413 412 421 401 425 422 110 439 416 417 407 431 118 423 
141 120 135 156 148 126 132 124 127 134 140 143 130 10 14 193 166 162 19 190 22 160 169 185 161 178 176 184 182 171 216 200 205 219 44 236 226 218 228 225 32 223 39 42 202 55 259 51 268 240 270 242 271 246 250 264 279 252 276 255 300 296 289 285 282 318 294 295 309 65 280 71 66 72 69 341 324 80 333 81 357 88 330 85 329 84 354 77 75 355 371 386 374 388 387 399 95 376 104 368 360 373 363 395 398 400 428 422 420 411 427 405 113 119 409 425 105 412 112 430 
128 6 13 126 121 146 142 137 2 135 150 120 152 133 122 28 20 186 164 17 172 182 15 195 168 22 190 170 198 176 33 238 35 40 232 202 237 207 211 42 31 221 41 230 228 263 53 261 271 279 272 241 56 45 252 51 254 248 275 267 317 310 294 286 68 69 312 290 284 305 67 307 291 61 316 331 329 86 351 358 355 359 347 349 320 348 344 354 323 336 388 394 387 91 368 99 376 392 102 375 399 382 96 363 94 115 413 409 423 427 429 403 105 111 113 114 431 119 428 434 
